N=100;
nK1=35;
nK2=40;
nK3=25;
K1=[3 	4 	7 	9 	11 	14 	16 	19 	24 	25 	28 	29 	37 	38 	44 	46 	50 	53 	55 	57 	59 	64 	69 	71 	72 	74 	75 	82 	86 	88 	96 	97 	98 	99 	100 	];
K2=[1 	5 	8 	10 	20 	21 	23 	26 	27 	30 	31 	34 	36 	41 	42 	43 	47 	49 	51 	52 	58 	60 	61 	63 	65 	67 	70 	76 	77 	78 	79 	80 	83 	84 	85 	87 	91 	92 	93 	95 	];
K3=[2 	6 	12 	13 	15 	17 	18 	22 	32 	33 	35 	39 	40 	45 	48 	54 	56 	62 	66 	68 	73 	81 	89 	90 	94 	];
DG=[6.080000e+01	6.880000e+01	5.920000e+01	3.360000e+01	3.680000e+01	6.720000e+01	4.640000e+01	48	56	4.640000e+01	40	7.680000e+01	5.120000e+01	4.480000e+01	6.080000e+01	6.080000e+01	4.160000e+01	48	4.960000e+01	3.840000e+01	40	5.760000e+01	5.280000e+01	5.120000e+01	7.040000e+01	4.960000e+01	4.160000e+01	6.080000e+01	48	40	40	6.080000e+01	5.920000e+01	7.680000e+01	48	5.920000e+01	64	7.680000e+01	72	4.320000e+01	7.040000e+01	7.360000e+01	6.560000e+01	6.080000e+01	7.520000e+01	32	3.520000e+01	6.720000e+01	4.640000e+01	7.680000e+01	5.120000e+01	4.640000e+01	7.040000e+01	6.560000e+01	6.880000e+01	5.920000e+01	48	64	7.040000e+01	5.120000e+01	3.360000e+01	48	5.280000e+01	3.840000e+01	5.760000e+01	6.880000e+01	5.280000e+01	5.920000e+01	6.880000e+01	80	5.920000e+01	3.520000e+01	7.360000e+01	5.920000e+01	4.480000e+01	7.520000e+01	4.160000e+01	5.440000e+01	4.160000e+01	3.360000e+01	72	40	64	3.680000e+01	6.560000e+01	48	5.280000e+01	5.120000e+01	7.520000e+01	48	7.840000e+01	5.760000e+01	5.440000e+01	6.720000e+01	4.640000e+01	3.520000e+01	7.840000e+01	5.440000e+01	7.360000e+01	7.360000e+01	];
LOAD=[38	43	37	21	23	42	29	30	35	29	25	48	32	28	38	38	26	30	31	24	25	36	33	32	44	31	26	38	30	25	25	38	37	48	30	37	40	48	45	27	44	46	41	38	47	20	22	42	29	48	32	29	44	41	43	37	30	40	44	32	21	30	33	24	36	43	33	37	43	50	37	22	46	37	28	47	26	34	26	21	45	25	40	23	41	30	33	32	47	30	49	36	34	42	29	22	49	34	46	46	];
DIST=[[0.000	6.534	3.149	4.168	7.195	1.624	4.333	7.855	6.739	3.609	6.308	5.651	7.060	0.829	5.774	4.086	7.457	7.007	1.301	4.208	8.270	8.933	5.607	5.210	1.159	6.682	3.631	6.221	6.097	4.911	5.493	8.345	1.477	9.330	6.700	8.428	1.340	6.193	9.776	2.909	7.490	4.564	3.437	8.428	6.721	5.748	6.688	6.163	8.785	2.169	7.292	3.780	7.229	5.073	2.838	2.403	7.814	6.911	1.381	4.484	3.259	3.940	3.126	4.648	5.754	6.477	4.861	7.994	5.947	2.383	8.216	2.717	7.136	3.810	6.190	4.195	1.567	5.180	5.051	2.630	6.134	8.490	2.899	9.044	7.704	3.883	7.076	5.069	3.892	8.069	3.278	4.311	8.526	5.134	4.091	5.518	4.790	3.552	0.785	5.733	]
[6.534	0.000	4.227	2.367	8.836	5.818	5.722	7.082	5.888	6.602	2.031	11.463	7.114	7.239	5.095	8.396	8.553	9.251	7.436	2.995	2.137	2.732	10.814	2.206	6.260	2.511	7.971	7.794	7.124	9.873	2.055	7.291	6.179	3.354	4.679	9.284	6.550	7.831	9.621	5.737	7.398	2.056	3.127	2.793	8.008	4.198	7.679	2.346	2.893	4.700	2.414	7.767	9.368	7.871	8.738	7.999	8.374	4.848	5.788	6.271	7.936	5.745	5.557	2.967	3.543	8.412	9.755	9.153	4.810	6.174	2.703	8.659	9.591	5.538	9.317	6.502	7.797	11.088	1.955	3.904	7.722	9.407	5.896	8.816	8.957	6.045	0.616	4.853	8.142	8.435	7.802	9.124	2.328	2.296	4.675	6.581	1.744	5.782	5.752	6.745	]
[3.149	4.227	0.000	2.308	8.884	3.533	5.440	8.488	7.188	5.457	4.942	8.783	7.994	3.978	6.120	6.679	8.922	8.948	4.406	3.424	6.300	6.931	8.610	3.984	2.362	5.476	6.189	7.779	7.375	7.814	4.192	8.896	2.167	7.494	6.559	9.863	3.946	7.779	10.849	1.531	8.406	2.877	2.140	6.755	8.201	5.621	8.025	4.977	6.984	1.013	5.874	6.188	9.141	7.074	5.943	5.390	9.065	6.789	3.314	5.859	5.931	5.174	4.456	1.601	5.272	8.233	7.739	9.532	6.093	4.360	6.594	5.828	9.179	1.660	8.451	2.611	4.706	8.320	3.604	1.639	7.689	9.956	4.527	10.035	9.261	2.111	4.840	5.474	6.438	9.254	5.880	7.130	6.518	2.224	4.603	6.721	2.740	4.919	2.570	6.947	]
[4.168	2.367	2.308	0.000	7.606	3.538	4.169	6.610	5.298	4.717	2.637	9.225	6.303	4.874	4.273	6.377	7.489	7.854	5.090	1.449	4.203	4.861	8.693	1.700	3.969	3.169	5.918	6.495	5.941	7.780	1.890	6.960	3.930	5.347	4.454	8.360	4.243	6.514	9.095	3.808	6.677	0.570	0.786	4.535	6.829	3.594	6.573	2.673	4.815	2.459	3.582	5.774	8.012	6.195	6.443	5.726	7.490	4.678	3.474	4.692	5.812	4.050	3.614	1.951	3.126	7.051	7.674	8.111	4.149	4.030	4.356	6.357	8.149	3.917	7.658	4.894	5.448	8.826	1.300	1.541	6.411	8.468	3.879	8.268	7.868	4.396	2.912	3.746	6.120	7.630	5.699	7.035	4.446	1.800	3.131	5.310	0.623	3.957	3.385	5.517	]
[7.195	8.836	8.884	7.606	0.000	5.732	3.482	2.927	3.322	3.611	6.984	6.587	2.111	6.905	3.781	3.736	0.682	0.784	6.435	6.205	8.941	9.378	5.189	6.662	8.230	6.753	3.955	1.117	1.714	4.543	6.783	3.276	8.502	9.216	4.615	1.374	5.860	1.109	3.036	9.638	2.155	7.366	7.112	8.353	0.832	4.695	1.197	6.633	8.828	8.090	7.337	3.641	0.713	2.172	5.970	5.560	1.352	4.578	6.009	3.025	4.389	3.712	4.448	9.461	5.352	0.721	4.422	0.870	4.120	4.857	8.141	6.040	1.130	10.338	1.925	11.047	6.548	6.614	7.011	7.264	1.205	1.389	4.469	2.626	0.603	10.618	8.932	3.998	3.761	1.624	4.265	4.280	9.161	9.406	4.478	2.304	7.887	3.974	7.031	2.112	]
[1.624	5.818	3.533	3.538	5.732	0.000	2.711	6.231	5.123	2.123	5.151	5.687	5.447	1.812	4.177	3.148	5.932	5.640	1.753	3.060	7.273	7.926	5.235	4.097	2.515	5.440	2.658	4.704	4.516	4.370	4.380	6.722	2.774	8.231	5.157	6.906	0.758	4.684	8.194	3.952	5.878	3.762	2.753	7.288	5.191	4.232	5.126	4.947	7.688	2.570	6.097	2.660	5.852	3.703	2.921	2.189	6.247	5.360	0.278	2.893	2.428	2.321	1.503	4.684	4.329	5.028	4.280	6.494	4.373	0.890	7.064	2.843	5.819	4.732	4.987	5.350	2.106	5.288	4.056	2.250	4.615	6.976	1.304	7.447	6.206	4.949	6.280	3.481	2.906	6.493	2.360	3.652	7.536	4.977	2.524	3.919	4.131	1.939	1.299	4.138	]
[4.333	5.722	5.440	4.169	3.482	2.711	0.000	3.525	2.492	1.294	4.192	6.545	2.747	4.367	1.735	3.059	3.482	3.685	4.085	2.838	6.395	6.965	5.535	3.526	5.166	4.192	2.789	2.365	1.941	4.582	3.722	4.020	5.389	7.038	2.913	4.428	3.173	2.375	5.550	6.337	3.179	3.998	3.634	6.076	2.764	2.250	2.590	3.866	6.544	4.718	4.881	2.455	3.845	2.151	4.485	3.764	3.663	3.062	2.969	0.550	2.991	0.402	1.210	5.985	2.714	2.889	4.446	4.092	2.059	2.050	5.842	4.481	3.984	6.960	3.597	7.739	4.352	6.310	3.783	3.806	2.277	4.518	1.466	4.776	3.824	7.283	5.956	1.233	2.847	3.880	2.813	3.887	6.650	5.964	1.066	1.293	4.516	0.797	3.928	1.521	]
[7.855	7.082	8.488	6.610	2.927	6.231	3.525	0.000	1.313	4.528	5.059	9.028	1.016	7.874	2.371	5.669	2.290	3.690	7.551	5.183	6.618	6.938	7.722	5.177	8.637	4.655	5.653	2.652	2.164	6.911	5.181	0.509	8.837	6.645	2.405	2.531	6.685	2.723	2.546	9.624	0.779	6.189	6.398	5.887	2.344	3.041	2.003	4.736	6.337	7.960	5.083	5.274	3.640	3.998	7.658	7.033	1.729	2.251	6.483	3.478	6.011	3.923	4.729	8.559	3.623	3.101	6.774	2.657	2.462	5.555	5.704	7.686	4.053	10.117	4.621	10.986	7.784	8.945	5.609	6.887	2.671	2.659	4.984	1.734	2.623	10.504	7.000	3.024	5.570	1.618	5.840	6.426	6.800	8.294	3.969	2.489	6.665	4.316	7.409	2.330	]
[6.739	5.888	7.188	5.298	3.322	5.123	2.492	1.313	0.000	3.673	3.896	8.613	1.283	6.844	1.069	5.123	2.847	3.967	6.577	3.870	5.673	6.077	7.409	3.901	7.449	3.561	5.001	2.595	1.889	6.520	3.926	1.710	7.632	5.895	1.319	3.435	5.650	2.661	3.819	8.356	1.513	4.885	5.089	5.042	2.533	1.751	2.143	3.558	5.514	6.690	4.081	4.626	3.994	3.607	6.893	6.207	2.527	1.258	5.359	2.611	5.300	2.891	3.640	7.249	2.367	3.199	6.380	3.386	1.155	4.536	4.835	6.903	4.346	8.824	4.606	9.705	6.843	8.461	4.325	5.599	2.569	3.561	3.947	2.993	3.246	9.219	5.864	1.753	4.974	2.556	5.122	5.936	5.881	6.995	2.731	1.837	5.368	3.283	6.237	1.792	]
[3.609	6.602	5.457	4.717	3.611	2.123	1.294	4.528	3.673	0.000	5.294	5.275	3.612	3.435	3.021	1.849	3.848	3.532	3.051	3.611	7.520	8.117	4.336	4.481	4.620	5.367	1.517	2.611	2.544	3.377	4.716	5.037	4.891	8.241	4.206	4.819	2.299	2.585	6.199	6.059	4.026	4.691	4.039	7.274	3.112	3.522	3.099	4.990	7.732	4.577	6.063	1.217	3.739	1.619	3.225	2.536	4.224	4.350	2.400	1.067	1.697	1.003	1.104	6.320	3.930	2.905	3.246	4.390	3.352	1.246	7.039	3.231	3.734	6.802	3.016	7.463	3.263	5.025	4.651	3.924	2.525	4.882	0.930	5.498	4.100	7.049	6.917	2.515	1.613	4.489	1.519	2.653	7.780	6.438	2.031	2.048	5.181	0.827	3.422	2.235	]
[6.308	2.031	4.942	2.637	6.984	5.151	4.192	5.059	3.896	5.294	0.000	10.473	5.150	6.853	3.202	7.142	6.641	7.471	6.898	2.113	2.228	2.841	9.627	1.100	6.402	0.569	6.780	5.998	5.292	8.669	0.823	5.260	6.422	3.081	2.654	7.321	5.908	6.042	7.594	6.443	5.409	2.068	3.055	2.138	6.151	2.288	5.800	0.351	2.540	5.009	0.992	6.509	7.564	6.309	7.956	7.184	6.410	2.819	5.220	4.718	6.845	4.326	4.400	4.228	1.633	6.632	8.539	7.224	2.877	5.219	1.918	7.902	7.828	6.526	7.697	7.509	7.255	10.157	1.363	3.919	5.934	7.446	4.791	6.792	7.047	7.014	1.970	3.118	6.903	6.452	6.687	7.936	2.489	3.723	3.263	4.815	2.271	4.478	5.545	4.949	]
[5.651	11.463	8.783	9.225	6.587	5.687	6.545	9.028	8.613	5.275	10.473	0.000	8.013	4.828	8.207	3.516	7.225	5.885	4.377	8.549	12.692	13.313	1.422	9.541	6.666	10.606	3.759	6.394	6.889	2.118	9.805	9.501	6.970	13.487	9.408	7.893	5.014	6.325	9.588	8.425	8.307	9.415	8.440	12.519	6.791	8.791	7.063	10.194	12.967	7.780	11.302	4.092	6.073	5.049	2.850	3.507	7.876	9.524	5.775	6.161	3.632	6.277	6.073	10.203	9.199	6.078	2.255	7.392	8.568	5.308	12.285	2.960	5.690	9.349	4.667	9.494	4.084	0.502	9.603	7.878	6.364	7.867	5.683	9.208	7.172	9.307	11.884	7.777	3.705	8.169	3.796	2.687	12.955	10.594	7.254	6.776	9.811	6.039	6.233	6.845	]
[7.060	7.114	7.994	6.303	2.111	5.447	2.747	1.016	1.283	3.612	5.150	8.013	0.000	7.013	2.066	4.660	1.577	2.823	6.659	4.854	6.954	7.350	6.713	5.049	7.913	4.836	4.660	1.651	1.157	5.896	5.109	1.504	8.133	7.146	2.601	2.173	5.837	1.722	2.856	9.025	0.432	5.947	5.981	6.310	1.405	2.921	1.032	4.806	6.780	7.376	5.364	4.282	2.812	2.983	6.682	6.080	1.261	2.528	5.710	2.597	5.029	3.127	3.954	8.244	3.571	2.149	5.758	2.104	2.306	4.710	6.107	6.716	3.198	9.585	3.654	10.412	6.874	7.929	5.453	6.363	1.664	2.296	4.163	2.051	1.971	9.942	7.120	2.566	4.568	1.340	4.861	5.412	7.161	8.057	3.394	1.567	6.451	3.508	6.676	1.378	]
[0.829	7.239	3.978	4.874	6.905	1.812	4.367	7.874	6.844	3.435	6.853	4.828	7.013	0.000	5.946	3.541	7.235	6.635	0.558	4.740	8.892	9.553	4.840	5.768	1.884	7.185	3.126	6.004	5.977	4.195	6.053	8.376	2.202	9.912	6.961	8.194	1.194	5.968	9.629	3.664	7.437	5.229	4.116	8.989	6.513	6.044	6.529	6.677	9.367	2.994	7.822	3.341	6.862	4.740	2.038	1.704	7.650	7.161	1.664	4.417	2.716	3.965	3.210	5.468	6.134	6.184	4.159	7.736	6.164	2.320	8.771	1.913	6.725	4.579	5.721	4.881	0.750	4.354	5.656	3.359	5.922	8.245	2.901	8.933	7.446	4.609	7.761	5.263	3.380	7.920	2.772	3.648	9.151	5.938	4.327	5.448	5.497	3.570	1.524	5.650	]
[5.774	5.095	6.120	4.273	3.781	4.177	1.735	2.371	1.069	3.021	3.202	8.207	2.066	5.946	0.000	4.693	3.459	4.291	5.728	2.831	5.215	5.704	7.111	2.988	6.428	2.994	4.479	2.820	2.100	6.179	3.062	2.779	6.600	5.649	1.200	4.211	4.762	2.870	4.822	7.291	2.413	3.892	4.028	4.723	2.949	0.914	2.600	2.851	5.202	5.625	3.617	4.124	4.372	3.415	6.219	5.493	3.308	1.330	4.397	2.046	4.713	2.098	2.744	6.223	1.572	3.458	6.039	4.059	0.387	3.684	4.497	6.213	4.656	7.755	4.661	8.637	6.019	8.001	3.387	4.530	2.763	4.330	3.093	3.995	3.863	8.151	5.156	0.711	4.504	3.406	4.534	5.525	5.449	6.005	1.703	1.702	4.390	2.462	5.231	1.792	]
[4.086	8.396	6.679	6.377	3.736	3.148	3.059	5.669	5.123	1.849	7.142	3.516	4.660	3.541	4.693	0.000	4.241	3.274	2.999	5.402	9.369	9.965	2.489	6.312	5.239	7.210	0.490	3.160	3.505	1.530	6.553	6.165	5.551	10.079	5.893	5.107	2.833	3.099	6.726	6.923	5.006	6.427	5.642	9.113	3.636	5.308	3.818	6.839	9.574	5.701	7.905	0.635	3.503	1.708	2.238	1.938	4.811	6.007	3.367	2.648	0.830	2.835	2.839	7.786	5.758	3.063	1.398	4.606	5.056	2.392	8.878	2.315	3.286	7.774	2.215	8.264	3.005	3.339	6.456	5.335	3.106	5.124	2.513	6.178	4.332	7.920	8.736	4.289	0.257	5.108	0.818	0.832	9.629	8.005	3.880	3.296	6.892	2.668	4.253	3.391	]
[7.457	8.553	8.922	7.489	0.682	5.932	3.482	2.290	2.847	3.848	6.641	7.225	1.577	7.235	3.459	4.241	0.000	1.466	6.792	6.059	8.515	8.923	5.838	6.417	8.447	6.366	4.407	1.237	1.559	5.157	6.513	2.611	8.705	8.723	4.163	0.974	6.140	1.268	2.486	9.771	1.536	7.203	7.054	7.885	0.742	4.364	0.916	6.292	8.356	8.181	6.918	4.067	1.374	2.586	6.452	5.988	0.672	4.101	6.209	3.099	4.831	3.769	4.559	9.387	5.025	1.187	5.032	0.622	3.764	5.084	7.680	6.513	1.802	10.429	2.582	11.180	6.935	7.233	6.790	7.287	1.323	1.047	4.638	1.987	0.406	10.736	8.606	3.785	4.236	0.951	4.693	4.844	8.726	9.281	4.398	2.210	7.721	4.079	7.226	1.989	]
[7.007	9.251	8.948	7.854	0.784	5.640	3.685	3.690	3.967	3.532	7.471	5.885	2.823	6.635	4.291	3.274	1.466	0.000	6.134	6.500	9.499	9.964	4.474	7.053	8.089	7.284	3.569	1.473	2.192	3.889	7.199	4.054	8.376	9.839	5.224	2.008	5.667	1.429	3.703	9.588	2.913	7.664	7.301	8.953	1.438	5.195	1.829	7.120	9.431	8.101	7.896	3.301	0.230	1.942	5.505	5.176	2.134	5.210	5.913	3.171	4.005	3.842	4.494	9.649	5.840	0.841	3.776	1.508	4.652	4.751	8.736	5.587	0.379	10.333	1.228	10.990	6.208	5.942	7.373	7.361	1.538	1.986	4.443	3.371	1.307	10.580	9.390	4.400	3.346	2.400	3.904	3.712	9.727	9.649	4.734	2.672	8.186	4.040	6.928	2.523	]
[1.301	7.436	4.406	5.090	6.435	1.753	4.085	7.551	6.577	3.051	6.898	4.377	6.659	0.558	5.728	2.999	6.792	6.134	0.000	4.796	8.996	9.652	4.311	5.834	2.418	7.192	2.597	5.570	5.591	3.644	6.118	8.057	2.737	9.975	6.793	7.743	1.014	5.530	9.214	4.193	7.076	5.397	4.313	9.036	6.081	5.907	6.119	6.698	9.431	3.403	7.849	2.833	6.363	4.264	1.542	1.146	7.233	6.983	1.687	4.074	2.178	3.686	2.988	5.845	6.056	5.716	3.605	7.276	5.973	2.047	8.813	1.424	6.211	5.103	5.191	5.431	0.362	3.918	5.763	3.619	5.490	7.789	2.639	8.537	6.987	5.150	7.934	5.067	2.846	7.509	2.246	3.090	9.257	6.276	4.174	5.092	5.707	3.295	1.865	5.285	]
[4.208	2.995	3.424	1.449	6.205	3.060	2.838	5.183	3.870	3.611	2.113	8.549	4.854	4.740	2.831	5.402	6.059	6.500	4.796	0.000	4.217	4.867	7.835	1.038	4.405	2.476	4.984	5.104	4.520	6.888	1.322	5.552	4.470	5.180	3.136	6.918	3.818	5.127	7.653	4.774	5.229	1.165	1.285	4.249	5.414	2.213	5.144	1.955	4.636	3.175	3.087	4.773	6.645	4.950	5.923	5.158	6.044	3.365	3.113	3.382	4.970	2.795	2.564	3.394	1.858	5.681	6.769	6.680	2.731	3.242	4.030	5.859	6.812	5.084	6.413	6.022	5.155	8.200	1.060	2.018	5.022	7.027	2.912	6.825	6.443	5.523	3.349	2.298	5.149	6.181	4.829	6.140	4.480	3.225	1.773	3.902	1.687	2.795	3.459	4.101	]
[8.270	2.137	6.300	4.203	8.941	7.273	6.395	6.618	5.673	7.520	2.228	12.692	6.954	8.892	5.215	9.369	8.515	9.499	8.996	4.217	0.000	0.663	11.855	3.184	8.171	2.236	9.007	8.033	7.307	10.896	2.907	6.681	8.130	1.217	4.354	9.072	8.031	8.085	9.025	7.826	7.131	3.726	4.852	0.913	8.117	4.333	7.744	2.534	0.792	6.653	1.604	8.736	9.568	8.482	10.133	9.365	8.179	4.436	7.309	6.909	9.068	6.547	6.621	5.105	3.730	8.671	10.766	9.057	4.847	7.416	0.990	10.072	9.867	7.669	9.833	8.637	9.357	12.369	3.237	5.708	7.978	9.200	7.008	8.285	8.917	8.176	1.537	5.266	9.131	8.164	8.911	10.164	0.264	4.432	5.489	6.899	3.627	6.705	7.488	7.006	]
[8.933	2.732	6.931	4.861	9.378	7.926	6.965	6.938	6.077	8.117	2.841	13.313	7.350	9.553	5.704	9.965	8.923	9.964	9.652	4.867	0.663	0.000	12.453	3.831	8.829	2.776	9.613	8.508	7.777	11.494	3.551	6.957	8.785	0.727	4.766	9.430	8.684	8.562	9.276	8.453	7.497	4.388	5.515	1.052	8.563	4.846	8.183	3.128	0.631	7.307	2.100	9.334	10.022	9.025	10.776	10.006	8.550	4.823	7.966	7.469	9.685	7.135	7.240	5.692	4.270	9.145	11.363	9.446	5.327	8.051	1.243	10.717	10.336	8.269	10.351	9.230	10.013	12.997	3.897	6.369	8.457	9.559	7.632	8.563	9.321	8.776	2.117	5.809	9.729	8.516	9.526	10.766	0.416	5.008	6.089	7.401	4.279	7.308	8.151	7.496	]
[5.607	10.814	8.610	8.693	5.189	5.235	5.535	7.722	7.409	4.336	9.627	1.422	6.713	4.840	7.111	2.489	5.838	4.474	4.311	7.835	11.855	12.453	0.000	8.774	6.724	9.698	2.858	5.072	5.617	0.959	9.022	8.182	7.042	12.565	8.304	6.480	4.678	5.002	8.175	8.502	6.982	8.805	7.927	11.600	5.441	7.775	5.734	9.326	12.062	7.598	10.393	3.119	4.658	3.804	2.824	3.229	6.496	8.399	5.385	5.091	2.885	5.324	5.280	9.903	8.242	4.711	1.091	5.982	7.486	4.667	11.365	2.952	4.270	9.413	3.264	9.702	4.105	1.591	8.894	7.485	5.051	6.451	4.922	7.815	5.768	9.448	11.182	6.757	2.724	6.787	3.013	1.697	12.115	10.212	6.366	5.578	9.244	5.150	6.046	5.621	]
[5.210	2.206	3.984	1.700	6.662	4.097	3.526	5.177	3.901	4.481	1.100	9.541	5.049	5.768	2.988	6.312	6.417	7.053	5.834	1.038	3.184	3.831	8.774	0.000	5.312	1.543	5.916	5.603	4.948	7.820	0.285	5.471	5.342	4.145	2.873	7.199	4.856	5.638	7.715	5.448	5.375	1.150	1.988	3.222	5.840	2.151	5.526	1.019	3.601	3.954	2.090	5.677	7.175	5.677	6.949	6.182	6.296	3.085	4.149	4.073	5.936	3.575	3.497	3.523	1.561	6.216	7.696	7.028	2.760	4.244	3.008	6.888	7.390	5.613	7.116	6.586	6.193	9.204	0.445	2.839	5.529	7.317	3.869	6.891	6.817	6.087	2.442	2.665	6.064	6.388	5.787	7.077	3.448	3.152	2.496	4.387	1.533	3.654	4.446	4.558	]
[1.159	6.260	2.362	3.969	8.230	2.515	5.166	8.637	7.449	4.620	6.402	6.666	7.913	1.884	6.428	5.239	8.447	8.089	2.418	4.405	8.171	8.829	6.724	5.312	0.000	6.845	4.778	7.217	7.023	6.056	5.581	9.112	0.320	9.300	7.227	9.420	2.446	7.195	10.695	1.779	8.344	4.460	3.362	8.451	7.705	6.252	7.638	6.318	8.763	1.570	7.392	4.909	8.308	6.148	3.919	3.547	8.757	7.449	2.239	5.398	4.414	4.794	3.965	3.956	6.140	7.519	6.010	9.005	6.544	3.373	8.257	3.794	8.236	2.697	7.318	3.036	2.629	6.181	5.064	2.491	7.128	9.489	3.816	9.936	8.716	2.733	6.844	5.718	5.040	8.999	4.427	5.467	8.415	4.537	4.726	6.413	4.562	4.427	1.238	6.636	]
[6.682	2.511	5.476	3.169	6.753	5.440	4.192	4.655	3.561	5.367	0.569	10.606	4.836	7.185	2.994	7.210	6.366	7.284	7.192	2.476	2.236	2.776	9.698	1.543	6.845	0.000	6.875	5.814	5.093	8.740	1.296	4.820	6.883	2.881	2.268	6.995	6.189	5.863	7.170	6.965	5.063	2.599	3.530	1.913	5.923	2.100	5.559	0.528	2.365	5.495	0.696	6.583	7.362	6.253	8.173	7.399	6.088	2.405	5.532	4.693	6.975	4.375	4.552	4.796	1.497	6.452	8.608	6.932	2.636	5.422	1.679	8.126	7.649	7.073	7.598	8.055	7.544	10.312	1.875	4.381	5.756	7.122	4.953	6.381	6.771	7.559	2.349	3.036	6.979	6.108	6.810	8.020	2.480	4.291	3.353	4.667	2.831	4.572	5.934	4.779	]
[3.631	7.971	6.189	5.918	3.955	2.658	2.789	5.653	5.001	1.517	6.780	3.759	4.660	3.126	4.479	0.490	4.407	3.569	2.597	4.984	9.007	9.613	2.858	5.916	4.778	6.875	0.000	3.258	3.507	1.906	6.164	6.157	5.088	9.753	5.677	5.311	2.357	3.204	6.887	6.448	5.030	5.984	5.175	8.785	3.756	5.033	3.892	6.486	9.240	5.212	7.571	0.380	3.799	1.821	2.056	1.611	4.938	5.806	2.878	2.440	0.437	2.520	2.423	7.302	5.447	3.254	1.785	4.820	4.829	1.912	8.550	2.110	3.622	7.293	2.595	7.797	2.643	3.524	6.041	4.851	3.194	5.339	2.076	6.296	4.538	7.446	8.327	4.020	0.262	5.231	0.355	1.161	9.269	7.529	3.526	3.210	6.442	2.306	3.771	3.335	]
[6.221	7.794	7.779	6.495	1.117	4.704	2.365	2.652	2.595	2.611	5.998	6.394	1.651	6.004	2.820	3.160	1.237	1.473	5.570	5.104	8.033	8.508	5.072	5.603	7.217	5.814	3.258	0.000	0.733	4.280	5.739	3.111	7.478	8.405	3.795	2.208	4.904	0.071	3.656	8.571	1.913	6.267	5.995	7.506	0.512	3.722	0.672	5.647	7.984	7.003	6.432	2.900	1.574	1.454	5.314	4.805	1.685	3.802	4.981	1.921	3.669	2.605	3.363	8.345	4.366	0.638	4.145	1.792	3.186	3.850	7.286	5.367	1.836	9.252	2.029	9.981	5.724	6.336	5.936	6.155	0.090	2.273	3.417	3.038	1.506	9.544	7.921	2.941	3.115	1.975	3.520	3.851	8.264	8.295	3.365	1.217	6.789	2.885	6.001	1.052	]
[6.097	7.124	7.375	5.941	1.714	4.516	1.941	2.164	1.889	2.544	5.292	6.889	1.157	5.977	2.100	3.505	1.559	2.192	5.591	4.520	7.307	7.777	5.617	4.948	7.023	5.093	3.507	0.733	0.000	4.773	5.069	2.660	7.265	7.672	3.064	2.489	4.824	0.791	3.680	8.269	1.528	5.674	5.495	6.773	0.896	3.009	0.651	4.941	7.252	6.658	5.705	3.129	2.272	1.842	5.537	4.952	1.738	3.075	4.788	1.625	3.881	2.260	3.075	7.830	3.659	1.368	4.634	2.180	2.460	3.717	6.554	5.574	2.561	8.901	2.718	9.674	5.786	6.789	5.300	5.737	0.691	2.582	3.212	2.957	1.928	9.222	7.229	2.285	3.411	1.977	3.716	4.265	7.536	7.737	2.839	0.654	6.195	2.601	5.789	0.430	]
[4.911	9.873	7.814	7.780	4.543	4.370	4.582	6.911	6.520	3.377	8.669	2.118	5.896	4.195	6.179	1.530	5.157	3.889	3.644	6.888	10.896	11.494	0.959	7.820	6.056	8.740	1.906	4.280	4.773	0.000	8.067	7.385	6.375	11.608	7.375	5.885	3.868	4.211	7.572	7.820	6.192	7.874	7.021	10.643	4.688	6.826	4.950	8.367	11.104	6.807	9.435	2.160	4.095	2.936	2.293	2.509	5.796	7.477	4.540	4.148	1.970	4.365	4.329	9.053	7.286	3.991	0.141	5.377	6.550	3.750	10.408	2.418	3.750	8.716	2.661	9.075	3.496	2.076	7.946	6.617	4.249	5.871	3.977	7.144	5.139	8.789	10.233	5.807	1.765	6.092	2.083	0.749	11.156	9.334	5.407	4.683	8.321	4.191	5.273	4.742	]
[5.493	2.055	4.192	1.890	6.783	4.380	3.722	5.181	3.926	4.716	0.823	9.805	5.109	6.053	3.062	6.553	6.513	7.199	6.118	1.322	2.907	3.551	9.022	0.285	5.581	1.296	6.164	5.739	5.069	8.067	0.000	5.451	5.605	3.860	2.832	7.270	5.139	5.776	7.725	5.672	5.419	1.324	2.242	2.938	5.956	2.190	5.631	0.785	3.316	4.203	1.814	5.918	7.313	5.872	7.226	6.458	6.363	3.035	4.434	4.267	6.194	3.793	3.750	3.639	1.561	6.359	7.942	7.118	2.805	4.514	2.724	7.166	7.541	5.807	7.301	6.784	6.477	9.472	0.591	3.101	5.667	7.390	4.128	6.905	6.915	6.286	2.234	2.799	6.307	6.443	6.043	7.325	3.171	3.222	2.712	4.527	1.639	3.890	4.727	4.690	]
[8.345	7.291	8.896	6.960	3.276	6.722	4.020	0.509	1.710	5.037	5.260	9.501	1.504	8.376	2.779	6.165	2.611	4.054	8.057	5.552	6.681	6.957	8.182	5.471	9.112	4.820	6.157	3.111	2.660	7.385	5.451	0.000	9.306	6.615	2.628	2.682	7.185	3.181	2.358	10.062	1.201	6.518	6.789	5.907	2.766	3.368	2.449	4.952	6.342	8.397	5.191	5.777	3.983	4.485	8.165	7.542	1.990	2.445	6.971	3.985	6.517	4.420	5.220	8.904	3.910	3.522	7.249	2.892	2.821	6.056	5.738	8.194	4.406	10.534	5.042	11.415	8.292	9.428	5.909	7.309	3.137	2.805	5.483	1.607	2.904	10.929	7.169	3.457	6.070	1.812	6.347	6.914	6.847	8.610	4.420	2.998	6.980	4.814	7.887	2.838	]
[1.477	6.179	2.167	3.930	8.502	2.774	5.389	8.837	7.632	4.891	6.422	6.970	8.133	2.202	6.600	5.551	8.705	8.376	2.737	4.470	8.130	8.785	7.042	5.342	0.320	6.883	5.088	7.478	7.265	6.375	5.605	9.306	0.000	9.275	7.361	9.678	2.748	7.458	10.930	1.464	8.564	4.441	3.369	8.444	7.963	6.384	7.886	6.355	8.741	1.482	7.410	5.213	8.593	6.433	4.234	3.867	9.002	7.586	2.497	5.641	4.728	5.024	4.196	3.768	6.241	7.794	6.330	9.268	6.700	3.645	8.254	4.109	8.528	2.385	7.619	2.718	2.944	6.482	5.072	2.504	7.389	9.749	4.068	10.164	8.980	2.414	6.771	5.891	5.350	9.240	4.738	5.786	8.369	4.374	4.902	6.648	4.507	4.665	1.479	6.873	]
[9.330	3.354	7.494	5.347	9.216	8.231	7.038	6.645	5.895	8.241	3.081	13.487	7.146	9.912	5.649	10.079	8.723	9.839	9.975	5.180	1.217	0.727	12.565	4.145	9.300	2.881	9.753	8.405	7.672	11.608	3.860	6.615	9.275	0.000	4.616	9.166	8.988	8.463	8.892	9.023	7.253	4.840	5.952	0.968	8.417	4.842	8.031	3.315	0.545	7.805	2.186	9.455	9.881	9.033	11.028	10.255	8.307	4.638	8.293	7.518	9.856	7.244	7.430	6.321	4.325	9.036	11.474	9.219	5.264	8.283	1.203	10.977	10.215	8.883	10.309	9.852	10.333	13.192	4.280	6.818	8.360	9.295	7.828	8.212	9.114	9.390	2.752	5.841	9.851	8.249	9.691	10.894	1.053	5.648	6.233	7.350	4.793	7.451	8.554	7.423	]
[6.700	4.679	6.559	4.454	4.615	5.157	2.913	2.405	1.319	4.206	2.654	9.408	2.601	6.961	1.200	5.893	4.163	5.224	6.793	3.136	4.354	4.766	8.304	2.873	7.227	2.268	5.677	3.795	3.064	7.375	2.832	2.628	7.361	4.616	0.000	4.739	5.800	3.855	4.943	7.870	2.801	3.968	4.419	3.738	3.806	0.978	3.422	2.333	4.214	6.227	2.764	5.324	5.269	4.574	7.380	6.641	3.836	0.230	5.349	3.247	5.902	3.253	3.814	6.368	1.330	4.423	7.235	4.704	0.854	4.770	3.527	7.368	5.600	8.219	5.742	9.150	7.101	9.199	3.317	5.079	3.754	4.866	4.190	4.138	4.564	8.653	4.601	1.742	5.704	3.844	5.724	6.724	4.563	6.025	2.634	2.808	4.401	3.594	6.085	2.847	]
[8.428	9.284	9.863	8.360	1.374	6.906	4.428	2.531	3.435	4.819	7.321	7.893	2.173	8.194	4.211	5.107	0.974	2.008	7.743	6.918	9.072	9.430	6.480	7.199	9.420	6.995	5.311	2.208	2.489	5.885	7.270	2.682	9.678	9.166	4.739	0.000	7.109	2.236	1.695	10.737	1.941	8.045	7.959	8.381	1.715	5.088	1.838	6.978	8.839	9.139	7.498	4.985	1.825	3.505	7.338	6.908	0.911	4.638	7.182	4.064	5.742	4.729	5.526	10.276	5.741	2.056	5.768	0.509	4.474	6.057	8.189	7.406	2.232	11.385	3.233	12.145	7.875	7.946	7.590	8.226	2.295	0.129	5.611	1.479	0.775	11.698	9.291	4.623	5.125	0.917	5.611	5.649	9.267	10.141	5.306	3.142	8.558	5.046	8.199	2.916	]
[1.340	6.550	3.946	4.243	5.860	0.758	3.173	6.685	5.650	2.299	5.908	5.014	5.837	1.194	4.762	2.833	6.140	5.667	1.014	3.818	8.031	8.684	4.678	4.856	2.446	6.189	2.357	4.904	4.824	3.868	5.139	7.185	2.748	8.988	5.800	7.109	0.000	4.873	8.494	4.091	6.263	4.496	3.456	8.043	5.408	4.902	5.396	5.699	8.445	2.939	6.850	2.465	5.889	3.732	2.201	1.510	6.522	5.995	0.768	3.240	2.031	2.772	2.020	5.237	5.043	5.141	3.795	6.667	4.991	1.130	7.819	2.115	5.800	4.943	4.872	5.444	1.357	4.596	4.811	2.865	4.819	7.167	1.707	7.781	6.376	5.089	7.024	4.087	2.618	6.784	2.015	3.192	8.294	5.589	3.173	4.275	4.846	2.376	1.428	4.482	]
[6.193	7.831	7.779	6.514	1.109	4.684	2.375	2.723	2.661	2.585	6.042	6.325	1.722	5.968	2.870	3.099	1.268	1.429	5.530	5.127	8.085	8.562	5.002	5.638	7.195	5.863	3.204	0.071	0.791	4.211	5.776	3.181	7.458	8.463	3.855	2.236	4.873	0.000	3.702	8.560	1.983	6.291	6.007	7.562	0.556	3.770	0.739	5.692	8.040	6.996	6.484	2.848	1.537	1.395	5.260	4.756	1.736	3.864	4.961	1.919	3.617	2.605	3.355	8.357	4.412	0.589	4.077	1.810	3.238	3.826	7.341	5.313	1.787	9.245	1.960	9.969	5.681	6.269	5.968	6.157	0.109	2.297	3.401	3.093	1.523	9.534	7.962	2.977	3.058	2.027	3.469	3.786	8.316	8.314	3.383	1.250	6.813	2.878	5.981	1.094	]
[9.776	9.621	10.849	9.095	3.036	8.194	5.550	2.546	3.819	6.199	7.594	9.588	2.856	9.629	4.822	6.726	2.486	3.703	9.214	7.653	9.025	9.276	8.175	7.715	10.695	7.170	6.887	3.656	3.680	7.572	7.725	2.358	10.930	8.892	4.943	1.695	8.494	3.702	0.000	11.870	2.445	8.700	8.818	8.232	3.146	5.569	3.101	7.276	8.654	10.226	7.548	6.542	3.518	5.066	8.936	8.457	1.980	4.776	8.465	5.301	7.309	5.906	6.733	11.045	6.165	3.666	7.454	2.198	4.972	7.395	8.072	8.996	3.919	12.440	4.926	13.262	9.377	9.638	8.142	9.219	3.731	1.728	6.891	0.828	2.435	12.794	9.519	5.398	6.721	1.710	7.166	7.311	9.185	10.812	6.250	4.282	9.186	6.267	9.458	4.059	]
[2.909	5.737	1.531	3.808	9.638	3.952	6.337	9.624	8.356	6.059	6.443	8.425	9.025	3.664	7.291	6.923	9.771	9.588	4.193	4.774	7.826	8.453	8.502	5.448	1.779	6.965	6.448	8.571	8.269	7.820	5.672	10.062	1.464	9.023	7.870	10.737	4.091	8.560	11.870	0.000	9.450	4.375	3.509	8.285	9.033	6.905	8.911	6.456	8.514	1.666	7.388	6.536	9.797	7.654	5.698	5.312	10.000	8.100	3.683	6.673	6.112	6.011	5.213	2.927	6.630	8.948	7.770	10.359	7.319	4.841	8.123	5.573	9.770	0.924	8.918	1.409	4.408	7.935	5.090	2.792	8.481	10.818	5.170	11.075	10.077	1.001	6.353	6.606	6.709	10.216	6.106	7.211	8.042	3.615	5.660	7.628	4.268	5.692	2.693	7.856	]
[7.490	7.398	8.406	6.677	2.155	5.878	3.179	0.779	1.513	4.026	5.409	8.307	0.432	7.437	2.413	5.006	1.536	2.913	7.076	5.229	7.131	7.497	6.982	5.375	8.344	5.063	5.030	1.913	1.528	6.192	5.419	1.201	8.564	7.253	2.801	1.941	6.263	1.983	2.445	9.450	0.000	6.305	6.377	6.449	1.571	3.230	1.249	5.070	6.912	7.798	5.557	4.655	2.868	3.310	7.065	6.476	1.055	2.696	6.141	3.023	5.409	3.558	4.386	8.623	3.866	2.329	6.056	1.969	2.616	5.137	6.254	7.102	3.278	10.003	3.849	10.835	7.286	8.242	5.787	6.777	1.943	2.070	4.592	1.631	1.895	10.363	7.376	2.957	4.926	1.045	5.244	5.738	7.328	8.418	3.810	1.989	6.803	3.939	7.107	1.792	]
[4.564	2.056	2.877	0.570	7.366	3.762	3.998	6.189	4.885	4.691	2.068	9.415	5.947	5.229	3.892	6.427	7.203	7.664	5.397	1.165	3.726	4.388	8.805	1.150	4.460	2.599	5.984	6.267	5.674	7.874	1.324	6.518	4.441	4.840	3.968	8.045	4.496	6.291	8.700	4.375	6.305	0.000	1.130	4.003	6.569	3.152	6.291	2.105	4.303	2.987	3.021	5.808	7.810	6.091	6.683	5.943	7.161	4.188	3.737	4.538	5.920	3.932	3.606	2.400	2.638	6.845	7.761	7.824	3.731	4.144	3.818	6.604	7.975	4.483	7.556	5.461	5.758	9.035	0.733	1.983	6.185	8.157	3.914	7.872	7.591	4.964	2.538	3.424	6.170	7.283	5.794	7.125	3.976	2.114	2.935	5.062	0.522	3.895	3.779	5.258	]
[3.437	3.127	2.140	0.786	7.112	2.753	3.634	6.398	5.089	4.039	3.055	8.440	5.981	4.116	4.028	5.642	7.054	7.301	4.313	1.285	4.852	5.515	7.927	1.988	3.362	3.530	5.175	5.995	5.495	7.021	2.242	6.789	3.369	5.952	4.419	7.959	3.456	6.007	8.818	3.509	6.377	1.130	0.000	5.091	6.365	3.485	6.140	3.006	5.411	1.967	4.041	5.050	7.470	5.568	5.657	4.941	7.117	4.649	2.688	4.130	5.052	3.462	2.936	2.351	3.139	6.520	6.917	7.674	3.973	3.273	4.895	5.571	7.578	3.800	7.022	4.738	4.672	8.040	1.705	0.871	5.908	8.061	3.167	7.996	7.419	4.239	3.646	3.420	5.385	7.281	4.944	6.279	5.103	2.399	2.656	4.848	1.395	3.319	2.651	5.065	]
[8.428	2.793	6.755	4.535	8.353	7.288	6.076	5.887	5.042	7.274	2.138	12.519	6.310	8.989	4.723	9.113	7.885	8.953	9.036	4.249	0.913	1.052	11.600	3.222	8.451	1.913	8.785	7.506	6.773	10.643	2.938	5.907	8.444	0.968	3.738	8.381	8.043	7.562	8.232	8.285	6.449	4.003	5.091	0.000	7.543	3.895	7.160	2.355	0.479	6.989	1.218	8.488	9.005	8.088	10.069	9.295	7.504	3.785	7.358	6.561	8.888	6.278	6.463	5.703	3.363	8.140	10.509	8.403	4.341	7.321	0.235	10.018	9.327	8.217	9.382	9.197	9.392	12.224	3.396	5.961	7.458	8.510	6.862	7.514	8.282	8.721	2.255	4.886	8.885	7.466	8.723	9.927	0.986	5.062	5.265	6.425	4.020	6.483	7.658	6.508	]
[6.721	8.008	8.201	6.829	0.832	5.191	2.764	2.344	2.533	3.112	6.151	6.791	1.405	6.513	2.949	3.636	0.742	1.438	6.081	5.414	8.117	8.563	5.441	5.840	7.705	5.923	3.756	0.512	0.896	4.688	5.956	2.766	7.963	8.417	3.806	1.715	5.408	0.556	3.146	9.033	1.571	6.569	6.365	7.543	0.000	3.863	0.390	5.800	8.019	7.449	6.513	3.402	1.464	1.940	5.811	5.312	1.182	3.781	5.468	2.362	4.171	3.038	3.820	8.707	4.520	0.758	4.556	1.332	3.289	4.345	7.329	5.866	1.817	9.697	2.278	10.442	6.235	6.757	6.195	6.570	0.591	1.788	3.897	2.544	1.060	10.000	8.100	3.180	3.604	1.476	4.025	4.299	8.340	8.627	3.715	1.521	7.090	3.341	6.484	1.313	]
[5.748	4.198	5.621	3.594	4.695	4.232	2.250	3.041	1.751	3.522	2.288	8.791	2.921	6.044	0.914	5.308	4.364	5.195	5.907	2.213	4.333	4.846	7.775	2.151	6.252	2.100	5.033	3.722	3.009	6.826	2.190	3.368	6.384	4.842	0.978	5.088	4.902	3.770	5.569	6.905	3.230	3.152	3.485	3.895	3.863	0.000	3.513	1.937	4.371	5.257	2.747	4.704	5.281	4.193	6.601	5.844	4.179	1.204	4.411	2.691	5.208	2.525	2.964	5.536	0.660	4.359	6.689	4.958	0.615	3.918	3.664	6.578	5.557	7.279	5.506	8.200	6.226	8.546	2.574	4.113	3.662	5.210	3.357	4.743	4.770	7.705	4.244	1.019	5.097	4.253	5.032	6.136	4.572	5.254	1.734	2.567	3.624	2.818	5.118	2.681	]
[6.688	7.679	8.025	6.573	1.197	5.126	2.590	2.003	2.143	3.099	5.800	7.063	1.032	6.529	2.600	3.818	0.916	1.829	6.119	5.144	7.744	8.183	5.734	5.526	7.638	5.559	3.892	0.672	0.651	4.950	5.631	2.449	7.886	8.031	3.422	1.838	5.396	0.739	3.101	8.911	1.249	6.291	6.140	7.160	0.390	3.513	0.000	5.449	7.636	7.305	6.141	3.526	1.851	2.110	5.946	5.409	1.126	3.394	5.400	2.248	4.293	2.899	3.707	8.471	4.172	1.117	4.816	1.539	2.929	4.305	6.948	5.993	2.207	9.549	2.625	10.317	6.293	7.008	5.891	6.388	0.714	1.931	3.823	2.427	1.300	9.866	7.755	2.879	3.762	1.392	4.138	4.520	7.964	8.366	3.484	1.305	6.810	3.230	6.408	1.080	]
[6.163	2.346	4.977	2.673	6.633	4.947	3.866	4.736	3.558	4.990	0.351	10.194	4.806	6.677	2.851	6.839	6.292	7.120	6.698	1.955	2.534	3.128	9.326	1.019	6.318	0.528	6.486	5.647	4.941	8.367	0.785	4.952	6.355	3.315	2.333	6.978	5.699	5.692	7.276	6.456	5.070	2.105	3.006	2.355	5.800	1.937	5.449	0.000	2.783	4.973	1.151	6.207	7.213	5.974	7.714	6.941	6.066	2.507	5.030	4.387	6.563	4.014	4.125	4.370	1.282	6.281	8.237	6.877	2.527	4.968	2.126	7.663	7.478	6.588	7.355	7.566	7.052	9.888	1.374	3.854	5.583	7.102	4.521	6.470	6.697	7.069	2.316	2.775	6.603	6.112	6.403	7.639	2.792	3.904	2.961	4.466	2.380	4.180	5.412	4.599	]
[8.785	2.893	6.984	4.815	8.828	7.688	6.544	6.337	5.514	7.732	2.540	12.967	6.780	9.367	5.202	9.574	8.356	9.431	9.431	4.636	0.792	0.631	12.062	3.601	8.763	2.365	9.240	7.984	7.252	11.104	3.316	6.342	8.741	0.545	4.214	8.839	8.445	8.040	8.654	8.514	6.912	4.303	5.411	0.479	8.019	4.371	7.636	2.783	0.000	7.275	1.669	8.947	9.481	8.564	10.493	9.720	7.966	4.256	7.749	7.032	9.336	6.738	6.904	5.850	3.831	8.619	10.971	8.869	4.820	7.750	0.707	10.440	9.805	8.398	9.861	9.372	9.789	12.667	3.736	6.278	7.937	8.969	7.301	7.948	8.751	8.904	2.308	5.359	9.344	7.924	9.172	10.385	0.729	5.187	5.717	6.904	4.270	6.936	8.009	6.987	]
[2.169	4.700	1.013	2.459	8.090	2.570	4.718	7.960	6.690	4.577	5.009	7.780	7.376	2.994	5.625	5.701	8.181	8.101	3.403	3.175	6.653	7.307	7.598	3.954	1.570	5.495	5.212	7.003	6.658	6.807	4.203	8.397	1.482	7.805	6.227	9.139	2.939	6.996	10.226	1.666	7.798	2.987	1.967	6.989	7.449	5.257	7.305	4.973	7.275	0.000	5.988	5.230	8.301	6.195	4.936	4.377	8.379	6.457	2.335	5.087	4.939	4.412	3.642	2.484	5.015	7.418	6.734	8.780	5.658	3.426	6.805	4.822	8.312	2.249	7.537	3.037	3.711	7.321	3.649	1.159	6.912	9.225	3.657	9.427	8.502	2.569	5.290	4.940	5.464	8.587	4.895	6.128	6.891	3.008	3.999	6.010	3.027	4.118	1.558	6.239	]
[7.292	2.414	5.874	3.582	7.337	6.097	4.881	5.083	4.081	6.063	0.992	11.302	5.364	7.822	3.617	7.905	6.918	7.896	7.849	3.087	1.604	2.100	10.393	2.090	7.392	0.696	7.571	6.432	5.705	9.435	1.814	5.191	7.410	2.186	2.764	7.498	6.850	6.484	7.548	7.388	5.557	3.021	4.041	1.218	6.513	2.747	6.141	1.151	1.669	5.988	0.000	7.278	7.964	6.926	8.856	8.083	6.598	2.862	6.179	5.376	7.670	5.070	5.245	5.029	2.174	7.070	9.302	7.467	3.246	6.107	0.985	8.808	8.265	7.423	8.253	8.408	8.203	11.006	2.340	4.907	6.378	7.626	5.645	6.782	7.321	7.919	2.089	3.711	7.675	6.596	7.506	8.716	1.832	4.459	4.049	5.308	3.154	5.268	6.533	5.409	]
[3.780	7.767	6.188	5.774	3.641	2.660	2.455	5.274	4.626	1.217	6.509	4.092	4.282	3.341	4.124	0.635	4.067	3.301	2.833	4.773	8.736	9.334	3.119	5.677	4.909	6.583	0.380	2.900	3.129	2.160	5.918	5.777	5.213	9.455	5.324	4.985	2.465	2.848	6.542	6.536	4.655	5.808	5.050	8.488	3.402	4.704	3.526	6.207	8.947	5.230	7.278	0.000	3.530	1.482	2.420	1.923	4.584	5.448	2.901	2.080	0.769	2.211	2.210	7.234	5.138	2.931	2.030	4.500	4.479	1.843	8.254	2.468	3.385	7.360	2.410	7.904	2.916	3.877	5.824	4.787	2.834	5.018	1.898	5.938	4.215	7.537	8.103	3.687	0.396	4.875	0.627	1.439	8.996	7.427	3.247	2.831	6.279	2.033	3.845	2.954	]
[7.229	9.368	9.141	8.012	0.713	5.852	3.845	3.640	3.994	3.739	7.564	6.073	2.812	6.862	4.372	3.503	1.374	0.230	6.363	6.645	9.568	10.022	4.658	7.175	8.308	7.362	3.799	1.574	2.272	4.095	7.313	3.983	8.593	9.881	5.269	1.825	5.889	1.537	3.518	9.797	2.868	7.810	7.470	9.005	1.464	5.281	1.851	7.213	9.481	8.301	7.964	3.530	0.000	2.160	5.734	5.406	2.030	5.245	6.126	3.340	4.235	4.017	4.685	9.820	5.931	0.965	3.985	1.335	4.726	4.964	8.790	5.816	0.433	10.536	1.434	11.200	6.438	6.141	7.503	7.548	1.646	1.793	4.645	3.220	1.162	10.788	9.494	4.514	3.576	2.282	4.134	3.933	9.793	9.809	4.886	2.788	8.332	4.227	7.142	2.626	]
[5.073	7.871	7.074	6.195	2.172	3.703	2.151	3.998	3.607	1.619	6.309	5.049	2.983	4.740	3.415	1.708	2.586	1.942	4.264	4.950	8.482	9.025	3.804	5.677	6.148	6.253	1.821	1.454	1.842	2.936	5.872	4.485	6.433	9.033	4.574	3.505	3.732	1.395	5.066	7.654	3.310	6.091	5.568	8.088	1.940	4.193	2.110	5.974	8.564	6.195	6.926	1.482	2.160	0.000	3.873	3.405	3.121	4.646	3.975	1.605	2.245	2.159	2.659	7.888	4.756	1.456	2.796	3.023	3.801	2.813	7.857	3.931	2.119	8.414	1.466	9.053	4.377	4.948	5.926	5.526	1.399	3.540	2.547	4.485	2.737	8.649	8.106	3.217	1.664	3.416	2.109	2.430	8.731	7.959	3.199	1.787	6.601	2.249	4.987	1.817	]
[2.838	8.738	5.943	6.443	5.970	2.921	4.485	7.658	6.893	3.225	7.956	2.850	6.682	2.038	6.219	2.238	6.452	5.505	1.542	5.923	10.133	10.776	2.824	6.949	3.919	8.173	2.056	5.314	5.537	2.293	7.226	8.165	4.234	11.028	7.380	7.338	2.201	5.260	8.936	5.698	7.065	6.683	5.657	10.069	5.811	6.601	5.946	7.714	10.493	4.936	8.856	2.420	5.734	3.873	0.000	0.773	6.993	7.540	2.970	4.282	1.657	4.128	3.661	7.353	6.882	5.285	2.292	6.839	6.528	2.752	9.838	0.128	5.492	6.616	4.391	6.879	1.291	2.409	6.950	5.048	5.250	7.359	3.259	8.353	6.563	6.632	9.196	5.646	2.216	7.287	1.821	1.936	10.397	7.752	4.910	5.179	7.045	3.792	3.385	5.328	]
[2.403	7.999	5.390	5.726	5.560	2.189	3.764	7.033	6.207	2.536	7.184	3.507	6.080	1.704	5.493	1.938	5.988	5.176	1.146	5.158	9.365	10.006	3.229	6.182	3.547	7.399	1.611	4.805	4.952	2.509	6.458	7.542	3.867	10.255	6.641	6.908	1.510	4.756	8.457	5.312	6.476	5.943	4.941	9.295	5.312	5.844	5.409	6.941	9.720	4.377	8.083	1.923	5.406	3.405	0.773	0.000	6.490	6.806	2.268	3.603	1.174	3.395	2.895	6.735	6.114	4.853	2.464	6.422	5.791	1.978	9.065	0.735	5.214	6.211	4.153	6.572	1.077	3.100	6.191	4.375	4.734	6.940	2.494	7.833	6.137	6.280	8.447	4.902	1.831	6.778	1.297	1.944	9.629	7.098	4.145	4.545	6.320	3.047	2.821	4.709	]
[7.814	8.374	9.065	7.490	1.352	6.247	3.663	1.729	2.527	4.224	6.410	7.876	1.261	7.650	3.308	4.811	0.672	2.134	7.233	6.044	8.179	8.550	6.496	6.296	8.757	6.088	4.938	1.685	1.738	5.796	6.363	1.990	9.002	8.307	3.836	0.911	6.522	1.736	1.980	10.000	1.055	7.161	7.117	7.504	1.182	4.179	1.126	6.066	7.966	8.379	6.598	4.584	2.030	3.121	6.993	6.490	0.000	3.742	6.521	3.361	5.353	3.995	4.813	9.418	4.831	1.806	5.669	0.929	3.564	5.431	7.308	7.048	2.461	10.616	3.248	11.403	7.399	7.872	6.692	7.426	1.756	1.036	4.943	1.368	0.915	10.946	8.380	3.746	4.785	0.298	5.205	5.452	8.378	9.263	4.478	2.372	7.670	4.339	7.525	2.144	]
[6.911	4.848	6.789	4.678	4.578	5.360	3.062	2.251	1.258	4.350	2.819	9.524	2.528	7.161	1.330	6.007	4.101	5.210	6.983	3.365	4.436	4.823	8.399	3.085	7.449	2.405	5.806	3.802	3.075	7.477	3.035	2.445	7.586	4.638	0.230	4.638	5.995	3.864	4.776	8.100	2.696	4.188	4.649	3.785	3.781	1.204	3.394	2.507	4.256	6.457	2.862	5.448	5.245	4.646	7.540	6.806	3.742	0.000	5.556	3.369	6.043	3.413	3.999	6.588	1.552	4.423	7.337	4.626	1.017	4.953	3.580	7.531	5.588	8.449	5.775	9.381	7.287	9.325	3.530	5.309	3.766	4.766	4.370	3.979	4.498	8.883	4.750	1.920	5.825	3.735	5.864	6.837	4.637	6.237	2.836	2.866	4.616	3.763	6.302	2.888	]
[1.381	5.788	3.314	3.474	6.009	0.278	2.969	6.483	5.359	2.400	5.220	5.775	5.710	1.664	4.397	3.367	6.209	5.913	1.687	3.113	7.309	7.966	5.385	4.149	2.239	5.532	2.878	4.981	4.788	4.540	4.434	6.971	2.497	8.293	5.349	7.182	0.768	4.961	8.465	3.683	6.141	3.737	2.688	7.358	5.468	4.411	5.400	5.030	7.749	2.335	6.179	2.901	6.126	3.975	2.970	2.268	6.521	5.556	0.000	3.164	2.621	2.583	1.759	4.519	4.474	5.304	4.455	6.771	4.579	1.162	7.137	2.882	6.089	4.472	5.247	5.079	2.047	5.362	4.078	2.113	4.893	7.253	1.578	7.715	6.483	4.681	6.269	3.695	3.129	6.766	2.566	3.834	7.571	4.843	2.724	4.187	4.080	2.204	1.022	4.408	]
[4.484	6.271	5.859	4.692	3.025	2.893	0.550	3.478	2.611	1.067	4.718	6.161	2.597	4.417	2.046	2.648	3.099	3.171	4.074	3.382	6.909	7.469	5.091	4.073	5.398	4.693	2.440	1.921	1.625	4.148	4.267	3.985	5.641	7.518	3.247	4.064	3.240	1.919	5.301	6.673	3.023	4.538	4.130	6.561	2.362	2.691	2.248	4.387	7.032	5.087	5.376	2.080	3.340	1.605	4.282	3.603	3.361	3.369	3.164	0.000	2.703	0.686	1.462	6.480	3.202	2.396	4.010	3.693	2.408	2.116	6.328	4.293	3.458	7.336	3.047	8.081	4.307	5.956	4.332	4.239	1.830	4.145	1.590	4.560	3.414	7.637	6.501	1.677	2.458	3.602	2.524	3.481	7.162	6.483	1.612	1.036	5.055	0.983	4.164	1.249	]
[3.259	7.936	5.931	5.812	4.389	2.428	2.991	6.011	5.300	1.697	6.845	3.632	5.029	2.716	4.713	0.830	4.831	4.005	2.178	4.970	9.068	9.685	2.885	5.936	4.414	6.975	0.437	3.669	3.881	1.970	6.194	6.517	4.728	9.856	5.902	5.742	2.031	3.617	7.309	6.112	5.409	5.920	5.052	8.888	4.171	5.208	4.293	6.563	9.336	4.939	7.670	0.769	4.235	2.245	1.657	1.174	5.353	6.043	2.621	2.703	0.000	2.682	2.448	7.107	5.580	3.686	1.869	5.253	5.049	1.783	8.654	1.700	4.054	6.972	3.015	7.444	2.210	3.347	6.030	4.663	3.602	5.772	2.067	6.707	4.970	7.106	8.319	4.208	0.671	5.644	0.179	1.232	9.331	7.371	3.625	3.544	6.359	2.415	3.458	3.683	]
[3.940	5.745	5.174	4.050	3.712	2.321	0.402	3.923	2.891	1.003	4.326	6.277	3.127	3.965	2.098	2.835	3.769	3.842	3.686	2.795	6.547	7.135	5.324	3.575	4.794	4.375	2.520	2.605	2.260	4.365	3.793	4.420	5.024	7.244	3.253	4.729	2.772	2.605	5.906	6.011	3.558	3.932	3.462	6.278	3.038	2.525	2.899	4.014	6.738	4.412	5.070	2.211	4.017	2.159	4.128	3.395	3.995	3.413	2.583	0.686	2.682	0.000	0.829	5.808	2.928	3.079	4.233	4.370	2.400	1.648	6.043	4.118	4.117	6.660	3.624	7.417	3.956	6.022	3.791	3.553	2.515	4.814	1.065	5.142	4.094	6.969	6.017	1.531	2.607	4.223	2.507	3.650	6.805	5.831	1.081	1.627	4.443	0.395	3.556	1.854	]
