N=100;
nK1=35;
nK2=40;
nK3=25;
K1=[1 	2 	3 	15 	19 	27 	31 	34 	39 	42 	43 	46 	50 	54 	56 	57 	59 	61 	73 	74 	75 	77 	78 	79 	80 	81 	84 	87 	89 	91 	92 	93 	95 	97 	100 	];
K2=[4 	6 	9 	10 	11 	13 	20 	21 	22 	23 	25 	28 	29 	30 	32 	35 	37 	40 	41 	47 	48 	52 	53 	55 	60 	62 	64 	66 	67 	70 	71 	76 	82 	85 	86 	88 	90 	94 	98 	99 	];
K3=[5 	7 	8 	12 	14 	16 	17 	18 	24 	26 	33 	36 	38 	44 	45 	49 	51 	58 	63 	65 	68 	69 	72 	83 	96 	];
DG=[4.050000e+01	6.750000e+01	57	4.350000e+01	3.150000e+01	6.450000e+01	60	69	51	3.150000e+01	45	6.750000e+01	5.250000e+01	69	36	6.150000e+01	3.450000e+01	33	42	72	5.850000e+01	39	51	6.150000e+01	3.150000e+01	6.450000e+01	36	5.550000e+01	39	6.150000e+01	39	48	5.850000e+01	51	72	3.150000e+01	63	3.150000e+01	5.550000e+01	4.950000e+01	4.650000e+01	66	36	69	7.050000e+01	75	7.350000e+01	57	51	69	4.050000e+01	30	57	36	5.550000e+01	7.050000e+01	33	6.150000e+01	3.150000e+01	3.750000e+01	57	5.250000e+01	6.150000e+01	66	5.250000e+01	57	48	54	4.650000e+01	3.750000e+01	57	4.650000e+01	5.850000e+01	33	33	3.150000e+01	5.250000e+01	30	60	4.950000e+01	63	63	4.950000e+01	6.750000e+01	45	4.050000e+01	7.350000e+01	4.350000e+01	51	3.450000e+01	4.350000e+01	42	3.750000e+01	4.650000e+01	5.850000e+01	4.350000e+01	69	3.750000e+01	3.150000e+01	63	];
LOAD=[27	45	38	29	21	43	40	46	34	21	30	45	35	46	24	41	23	22	28	48	39	26	34	41	21	43	24	37	26	41	26	32	39	34	48	21	42	21	37	33	31	44	24	46	47	50	49	38	34	46	27	20	38	24	37	47	22	41	21	25	38	35	41	44	35	38	32	36	31	25	38	31	39	22	22	21	35	20	40	33	42	42	33	45	30	27	49	29	34	23	29	28	25	31	39	29	46	25	21	42	];
DIST=[[0.000	3.913	3.549	3.189	2.601	5.665	1.020	5.955	4.405	7.085	4.015	3.405	5.934	5.645	2.491	3.784	4.603	3.938	1.977	1.809	2.416	3.214	2.703	3.741	3.811	4.920	3.979	3.880	3.751	2.752	3.180	3.089	3.203	3.951	1.075	4.152	5.710	2.867	5.933	4.118	2.856	5.791	3.472	4.134	1.191	3.498	3.089	5.747	2.418	3.710	0.887	2.158	0.879	3.266	5.904	2.772	5.759	4.333	1.671	5.575	4.934	3.258	3.464	5.285	1.074	3.459	3.465	5.177	5.018	2.406	5.352	4.393	3.719	4.187	4.168	4.670	4.510	4.756	2.706	5.205	3.250	3.998	2.874	3.252	6.072	3.490	5.337	4.471	1.173	3.585	3.258	2.561	5.560	5.955	2.208	4.598	5.220	4.922	5.137	4.908	]
[3.913	0.000	4.366	3.635	2.122	8.812	2.983	8.793	8.041	5.235	7.912	3.896	9.294	6.122	2.087	4.396	5.104	1.436	5.251	2.854	1.753	4.506	3.822	7.418	4.107	8.608	5.590	1.636	0.643	6.374	6.865	3.151	1.375	7.487	3.047	8.034	3.403	1.254	8.376	3.466	2.763	7.982	6.485	5.641	3.253	4.279	5.422	8.750	1.881	1.796	3.294	6.032	3.434	2.443	4.304	6.629	7.980	7.131	2.382	3.320	8.012	4.837	0.597	2.063	3.263	6.685	2.066	2.317	1.105	6.157	7.434	7.804	7.353	3.872	3.390	1.586	2.098	2.094	2.776	5.583	6.192	2.019	6.630	7.135	3.468	1.652	6.704	7.178	4.386	5.717	0.800	6.355	8.771	3.529	5.943	6.749	8.488	6.911	1.246	2.512	]
[3.549	4.366	0.000	6.157	2.336	5.056	3.004	4.774	7.439	4.142	6.407	0.479	5.727	2.145	2.427	6.914	7.773	3.205	5.488	2.152	2.906	0.501	0.870	4.691	0.531	5.677	1.298	2.990	3.770	5.982	6.280	1.216	2.991	7.137	2.812	5.851	3.513	4.294	4.159	1.467	5.454	3.690	6.967	1.307	2.493	0.087	1.743	4.866	4.393	2.744	3.973	4.313	2.740	5.582	8.202	4.636	3.698	3.298	3.912	3.391	4.288	0.816	4.393	6.414	2.618	6.886	5.499	6.592	5.140	5.525	3.136	4.524	4.550	1.161	1.589	3.782	3.131	6.277	1.641	1.666	6.769	5.830	5.908	5.144	4.003	2.778	2.348	3.259	2.670	1.716	4.328	5.577	5.088	7.733	5.386	2.536	8.525	2.615	5.057	6.626	]
[3.189	3.635	6.157	0.000	4.145	8.797	3.203	9.135	5.428	8.584	6.003	5.835	8.983	8.291	4.008	0.810	1.645	4.693	2.862	4.006	3.564	5.984	5.307	6.663	6.210	7.762	6.938	4.794	4.001	4.024	4.511	5.218	4.096	4.805	3.400	6.651	6.832	2.514	9.116	6.066	0.887	8.947	3.448	7.070	3.755	6.083	6.196	8.909	2.014	4.792	2.372	4.920	3.612	1.239	2.907	5.500	8.918	7.522	2.257	6.724	8.094	6.146	3.052	3.561	3.647	3.796	1.674	3.183	4.430	4.085	8.483	7.464	6.683	6.329	6.054	5.144	5.444	2.811	4.709	7.781	3.162	2.073	4.457	5.833	6.999	4.540	8.291	7.659	4.339	6.670	2.886	4.325	8.675	3.384	3.899	7.725	5.401	8.025	4.687	2.676	]
[2.601	2.122	2.336	4.145	0.000	6.734	1.602	6.679	7.006	4.646	6.486	1.899	7.257	4.314	0.140	4.948	5.790	1.433	4.454	0.916	0.607	2.406	1.705	5.553	2.200	6.718	3.494	1.323	1.618	5.349	5.780	1.168	0.823	6.545	1.526	6.362	3.129	1.982	6.255	1.921	3.336	5.871	5.909	3.560	1.518	2.249	3.309	6.652	2.195	1.123	2.463	4.419	1.809	3.359	5.895	4.959	5.868	5.028	1.947	2.996	5.932	2.724	2.066	4.118	1.595	5.973	3.215	4.267	3.066	5.005	5.327	5.808	5.464	2.199	1.913	2.184	1.915	3.942	0.695	3.778	5.649	3.507	5.469	5.492	3.474	0.933	4.680	5.066	2.578	3.595	1.992	5.150	6.706	5.397	4.809	4.631	7.773	4.805	3.067	4.290	]
[5.665	8.812	5.056	8.797	6.734	0.000	6.121	0.890	6.322	8.793	4.636	5.472	0.806	5.285	6.743	9.272	10.004	8.018	6.443	5.963	7.065	4.657	5.157	2.424	5.568	2.052	3.856	7.831	8.352	5.919	5.798	6.022	7.553	6.472	5.975	3.427	8.548	8.178	1.833	6.522	8.520	2.375	7.336	3.939	5.672	5.117	3.467	0.422	7.916	7.576	6.548	4.043	5.604	8.909	11.568	3.622	2.310	1.763	7.175	8.431	0.802	4.285	8.590	10.637	5.707	6.984	9.055	10.642	9.801	5.498	2.623	1.407	2.322	6.180	6.645	8.698	8.121	10.243	6.186	5.371	7.333	9.555	5.500	3.617	9.042	7.520	3.907	1.802	4.649	3.344	8.436	5.336	0.212	11.553	5.552	2.722	7.753	2.894	9.793	10.465	]
[1.020	2.983	3.004	3.203	1.602	6.121	0.000	6.275	5.416	6.180	5.011	2.746	6.498	5.149	1.485	3.930	4.786	2.918	2.864	0.937	1.400	2.788	2.137	4.471	3.146	5.664	3.740	2.862	2.760	3.751	4.192	2.275	2.183	4.945	0.198	5.054	4.730	2.085	6.090	3.274	2.612	5.847	4.337	3.868	0.556	2.936	3.077	6.138	1.802	2.697	0.988	3.054	0.517	2.885	5.598	3.647	5.826	4.598	1.091	4.596	5.345	2.944	2.598	4.558	0.460	4.380	2.962	4.527	4.082	3.423	5.354	4.967	4.420	3.415	3.307	3.650	3.498	4.123	1.823	4.662	4.088	3.441	3.892	4.157	5.075	2.474	5.089	4.699	1.488	3.522	2.410	3.581	6.045	5.445	3.222	4.598	6.173	4.873	4.178	4.347	]
[5.955	8.793	4.774	9.135	6.679	0.890	6.275	0.000	7.089	8.265	5.421	5.223	1.637	4.671	6.706	9.666	10.432	7.876	6.957	5.985	7.073	4.435	5.022	3.109	5.256	2.917	3.501	7.677	8.289	6.550	6.477	5.845	7.481	7.195	6.112	4.231	8.187	8.275	1.004	6.215	8.780	1.601	7.960	3.548	5.783	4.844	3.371	0.471	8.076	7.423	6.818	4.576	5.764	9.131	11.826	4.236	1.541	1.683	7.357	8.078	1.114	4.066	8.628	10.699	5.837	7.632	9.237	10.745	9.730	6.104	1.964	2.067	2.980	5.840	6.339	8.518	7.897	10.360	6.077	4.829	7.932	9.712	6.157	4.313	8.681	7.396	3.276	1.616	4.857	3.125	8.491	5.963	1.095	11.718	6.134	2.274	8.514	2.343	9.696	10.613	]
[4.405	8.041	7.439	5.428	7.006	6.322	5.416	7.089	0.000	11.372	1.695	7.470	6.000	9.208	6.896	5.322	5.621	8.320	2.807	6.182	6.783	6.976	6.743	4.005	7.847	4.386	7.245	8.276	8.029	1.679	1.226	7.359	7.577	0.625	5.480	2.914	10.102	6.821	7.671	8.375	5.853	7.892	2.085	7.422	5.545	7.419	6.143	6.660	6.216	8.113	4.773	3.194	5.232	6.386	8.150	3.120	7.832	6.181	5.665	9.966	6.032	6.829	7.493	8.819	5.443	1.668	6.781	8.522	9.110	2.006	7.711	5.031	4.153	8.350	8.445	9.034	8.914	8.114	7.050	8.906	2.325	7.308	1.559	2.838	10.474	7.889	8.369	6.388	4.817	6.579	7.275	1.892	6.120	8.806	2.198	7.146	1.432	7.521	9.286	8.062	]
[7.085	5.235	4.142	8.584	4.646	8.793	6.180	8.265	11.372	0.000	10.498	3.966	9.551	3.649	4.783	9.392	10.185	3.917	9.035	5.282	5.123	4.643	4.667	8.821	3.642	9.755	5.020	3.795	4.687	9.793	10.164	4.019	4.492	10.989	6.054	9.992	1.837	6.096	7.384	2.997	7.707	6.776	10.516	4.902	5.895	4.129	5.845	8.503	6.573	3.795	7.102	8.373	6.209	7.542	9.485	8.750	6.819	7.148	6.548	1.915	8.115	4.929	5.697	6.912	6.011	10.540	7.233	7.329	5.147	9.384	6.315	8.551	8.676	3.061	2.930	3.672	3.173	7.231	4.381	3.437	10.268	7.253	9.814	9.268	1.918	4.050	5.019	7.043	6.568	5.679	5.801	9.481	8.877	8.536	9.212	6.071	12.301	5.929	4.884	7.665	]
[4.015	7.912	6.407	6.003	6.486	4.636	5.011	5.421	1.695	10.498	0.000	6.532	4.306	7.956	6.401	6.117	6.602	7.894	3.141	5.588	6.408	5.915	5.835	2.385	6.873	2.693	5.981	7.807	7.764	2.019	1.608	6.578	7.178	1.962	5.014	1.220	9.434	6.791	6.052	7.541	6.197	6.319	3.213	6.154	4.968	6.404	4.902	4.983	6.248	7.607	4.655	2.134	4.684	6.720	8.884	1.783	6.257	4.640	5.573	9.297	4.388	5.702	7.429	9.055	4.895	2.780	7.056	8.841	9.015	1.927	6.191	3.380	2.544	7.437	7.628	8.640	8.387	8.417	6.366	7.719	3.343	7.607	1.555	1.335	9.853	7.414	6.979	4.848	4.002	5.279	7.216	1.690	4.432	9.340	2.127	5.692	3.125	6.060	9.146	8.452	]
[3.405	3.896	0.479	5.835	1.899	5.472	2.746	5.223	7.470	3.966	6.532	0.000	6.122	2.463	2.000	6.607	7.465	2.726	5.374	1.843	2.485	0.820	0.731	4.951	0.407	5.983	1.769	2.512	3.296	5.957	6.286	0.750	2.522	7.133	2.564	6.056	3.157	3.874	4.630	1.100	5.101	4.167	6.865	1.785	2.276	0.396	2.079	5.298	4.012	2.265	3.732	4.410	2.553	5.199	7.788	4.785	4.175	3.709	3.579	3.029	4.693	1.189	3.942	5.949	2.404	6.813	5.093	6.137	4.662	5.517	3.613	4.864	4.818	0.906	1.215	3.312	2.674	5.829	1.210	1.946	6.652	5.405	5.922	5.307	3.638	2.300	2.809	3.684	2.656	2.130	3.884	5.589	5.494	7.288	5.364	3.002	8.498	3.092	4.579	6.185	]
[5.934	9.294	5.727	8.983	7.257	0.806	6.498	1.637	6.000	9.551	4.306	6.122	0.000	6.075	7.253	9.399	10.092	8.586	6.471	6.442	7.541	5.302	5.748	2.369	6.248	1.615	4.574	8.408	8.867	5.810	5.622	6.627	8.080	6.222	6.368	3.089	9.236	8.579	2.621	7.193	8.782	3.177	7.217	4.670	6.089	5.782	4.069	1.203	8.268	8.155	6.821	4.103	5.986	9.200	11.813	3.597	3.112	2.439	7.516	9.116	1.448	4.934	9.031	11.050	6.110	6.837	9.380	11.022	10.313	5.428	3.428	1.543	2.318	6.869	7.315	9.285	8.737	10.614	6.748	6.143	7.247	9.896	5.361	3.472	9.728	8.080	4.704	2.516	5.011	4.012	8.866	5.242	0.678	11.879	5.512	3.487	7.427	3.682	10.324	10.810	]
[5.645	6.122	2.145	8.291	4.314	5.285	5.149	4.671	9.208	3.649	7.956	2.463	6.075	0.000	4.429	9.055	9.913	4.761	7.533	4.286	4.916	2.431	3.013	5.859	2.117	6.571	1.976	4.540	5.484	7.888	8.121	3.149	4.802	8.986	4.957	7.162	4.045	6.295	3.752	2.671	7.564	3.138	8.985	1.802	4.634	2.215	3.071	4.955	6.470	4.340	6.115	6.014	4.869	7.654	10.202	6.186	3.184	3.804	6.037	3.974	4.691	2.443	6.277	8.179	4.758	8.861	7.529	8.429	6.678	7.409	2.708	5.324	5.694	2.252	2.762	5.116	4.384	8.159	3.650	0.542	8.807	7.807	7.742	6.627	4.501	4.470	1.395	3.655	4.651	2.678	6.252	7.422	5.397	9.619	7.298	2.623	10.403	2.393	6.525	8.540	]
[2.491	2.087	2.427	4.008	0.140	6.743	1.485	6.706	6.896	4.783	6.401	2.000	7.253	4.429	0.000	4.810	5.653	1.500	4.328	0.860	0.487	2.474	1.763	5.513	2.313	6.684	3.562	1.407	1.615	5.235	5.671	1.280	0.843	6.430	1.419	6.299	3.254	1.874	6.301	2.059	3.203	5.928	5.779	3.633	1.436	2.341	3.335	6.669	2.066	1.220	2.330	4.345	1.718	3.235	5.788	4.892	5.923	5.048	1.806	3.122	5.941	2.782	1.994	4.057	1.506	5.848	3.101	4.192	3.061	4.897	5.386	5.793	5.428	2.331	2.052	2.251	2.019	3.860	0.791	3.895	5.518	3.405	5.363	5.424	3.591	1.014	4.766	5.092	2.519	3.637	1.908	5.046	6.710	5.311	4.699	4.683	7.650	4.865	3.075	4.200	]
[3.784	4.396	6.914	0.810	4.948	9.272	3.930	9.666	5.322	9.392	6.117	6.607	9.399	9.055	4.810	0.000	0.858	5.496	3.039	4.770	4.371	6.718	6.056	7.045	6.987	8.094	7.642	5.600	4.791	4.099	4.551	6.007	4.905	4.698	4.127	6.887	7.634	3.312	9.709	6.868	1.686	9.574	3.255	7.780	4.475	6.842	6.849	9.412	2.824	5.601	3.036	5.299	4.304	1.958	2.829	5.844	9.542	8.090	3.040	7.527	8.600	6.861	3.824	4.076	4.360	3.655	2.370	3.644	5.128	4.253	9.128	7.907	7.082	7.124	6.858	5.928	6.246	3.321	5.499	8.551	2.997	2.675	4.564	6.121	7.791	5.350	9.002	8.238	4.954	7.334	3.668	4.489	9.137	3.583	4.091	8.372	5.085	8.685	5.395	3.098	]
[4.603	5.104	7.773	1.645	5.790	10.004	4.786	10.432	5.621	10.185	6.602	7.465	10.092	9.913	5.653	0.858	0.000	6.274	3.646	5.627	5.206	7.574	6.914	7.726	7.844	8.732	8.492	6.390	5.543	4.592	5.002	6.859	5.712	5.012	4.983	7.463	8.407	4.090	10.509	7.710	2.486	10.392	3.539	8.631	5.329	7.700	7.682	10.162	3.640	6.405	3.881	5.991	5.153	2.669	2.709	6.508	10.359	8.880	3.894	8.304	9.353	7.714	4.553	4.503	5.214	3.971	3.041	4.029	5.743	4.815	9.954	8.624	7.775	7.973	7.697	6.665	7.024	3.769	6.350	9.408	3.325	3.243	5.071	6.742	8.542	6.156	9.852	9.034	5.776	8.171	4.415	5.043	9.862	3.703	4.675	9.200	5.164	9.518	6.021	3.469	]
[3.938	1.436	3.205	4.693	1.433	8.018	2.918	7.876	8.320	3.917	7.894	2.726	8.586	4.761	1.500	5.496	6.274	0.000	5.655	2.349	1.537	3.454	2.865	6.971	2.852	8.128	4.491	0.223	0.810	6.646	7.100	2.037	0.745	7.826	2.887	7.795	2.139	2.186	7.344	2.090	3.809	6.892	7.045	4.511	2.936	3.122	4.553	7.898	2.704	0.461	3.608	5.845	3.210	3.625	5.731	6.390	6.900	6.275	2.846	2.031	7.218	3.816	1.801	3.439	3.001	7.165	3.323	3.739	1.951	6.337	6.339	7.176	6.878	2.516	2.001	0.752	0.751	3.531	1.838	4.228	6.768	3.394	6.808	6.923	2.339	0.513	5.473	6.286	4.011	4.752	1.888	6.499	8.007	4.958	6.133	5.709	8.982	5.817	1.853	3.948	]
[1.977	5.251	5.488	2.862	4.454	6.443	2.864	6.957	2.807	9.035	3.141	5.374	6.471	7.533	4.328	3.039	3.646	5.655	0.000	3.755	4.128	5.114	4.661	4.102	5.778	5.087	5.740	5.641	5.283	1.204	1.709	5.061	4.912	2.237	2.981	3.848	7.582	4.020	7.185	6.087	3.112	7.183	1.494	5.908	3.160	5.443	4.723	6.642	3.410	5.509	2.048	2.400	2.853	3.644	5.752	2.875	7.138	5.534	2.893	7.450	5.851	5.099	4.694	6.051	3.038	1.520	4.017	5.786	6.310	1.227	6.827	5.043	4.163	6.164	6.132	6.337	6.305	5.369	4.657	7.121	1.281	4.557	1.602	3.098	7.908	5.268	7.059	5.714	2.888	5.225	4.476	1.467	6.288	6.209	1.053	6.114	3.329	6.472	6.492	5.361	]
[1.809	2.854	2.152	4.006	0.916	5.963	0.937	5.985	6.182	5.282	5.588	1.843	6.442	4.286	0.860	4.770	5.627	2.349	3.755	0.000	1.102	2.027	1.317	4.655	2.233	5.829	3.068	2.235	2.446	4.550	4.958	1.337	1.700	5.751	0.782	5.446	3.920	2.334	5.660	2.344	3.311	5.339	5.241	3.172	0.638	2.076	2.636	5.915	2.296	2.024	1.922	3.507	0.950	3.477	6.153	4.043	5.327	4.308	1.761	3.784	5.164	2.259	2.643	4.715	0.741	5.259	3.448	4.783	3.881	4.176	4.814	4.962	4.572	2.477	2.382	3.100	2.799	4.415	0.902	3.782	5.001	3.846	4.631	4.577	4.303	1.848	4.371	4.372	1.662	3.003	2.508	4.306	5.919	5.827	3.989	4.080	7.029	4.307	3.914	4.709	]
[2.416	1.753	2.906	3.564	0.607	7.065	1.400	7.073	6.783	5.123	6.408	2.485	7.541	4.916	0.487	4.371	5.206	1.537	4.128	1.102	0.000	2.926	2.206	5.699	2.800	6.884	4.011	1.513	1.396	5.108	5.565	1.767	0.793	6.289	1.400	6.398	3.504	1.390	6.709	2.509	2.740	6.355	5.541	4.090	1.535	2.820	3.709	7.013	1.593	1.396	2.086	4.413	1.761	2.753	5.303	4.987	6.348	5.401	1.425	3.378	6.266	3.219	1.566	3.641	1.568	5.643	2.613	3.747	2.799	4.805	5.818	6.054	5.626	2.802	2.491	2.256	2.181	3.403	1.275	4.382	5.270	2.924	5.277	5.509	3.795	1.147	5.237	5.458	2.668	4.042	1.456	4.971	7.021	4.846	4.600	5.103	7.457	5.300	2.854	3.732	]
[3.214	4.506	0.501	5.984	2.406	4.657	2.788	4.435	6.976	4.643	5.915	0.820	5.302	2.431	2.474	6.718	7.574	3.454	5.114	2.027	2.926	0.000	0.725	4.194	1.017	5.193	1.089	3.249	3.942	5.549	5.830	1.417	3.140	6.690	2.591	5.350	3.965	4.292	3.897	1.907	5.329	3.477	6.579	1.164	2.248	0.520	1.268	4.492	4.319	2.996	3.722	3.832	2.457	5.503	8.167	4.141	3.477	2.894	3.772	3.839	3.875	0.373	4.467	6.523	2.367	6.479	5.458	6.665	5.353	5.084	2.928	4.055	4.054	1.642	2.026	4.083	3.472	6.328	1.730	2.008	6.392	5.827	5.455	4.646	4.450	2.991	2.345	2.875	2.252	1.320	4.378	5.126	4.675	7.772	4.953	2.261	8.088	2.405	5.294	6.657	]
[2.703	3.822	0.870	5.307	1.705	5.157	2.137	5.022	6.743	4.667	5.835	0.731	5.748	3.013	1.763	6.056	6.914	2.865	4.661	1.317	2.206	0.725	0.000	4.369	1.125	5.452	1.804	2.674	3.280	5.227	5.556	0.887	2.473	6.402	1.944	5.414	3.712	3.568	4.555	1.715	4.627	4.166	6.149	1.888	1.624	0.807	1.690	5.033	3.600	2.420	3.103	3.706	1.875	4.786	7.444	4.108	4.163	3.410	3.074	3.578	4.360	1.019	3.756	5.820	1.749	6.089	4.735	5.950	4.712	4.786	3.623	4.397	4.248	1.613	1.811	3.542	2.997	5.609	1.058	2.535	5.941	5.102	5.193	4.637	4.175	2.375	3.065	3.424	1.926	1.907	3.661	4.859	5.153	7.050	4.633	2.927	7.768	3.102	4.674	5.934	]
[3.741	7.418	4.691	6.663	5.553	2.424	4.471	3.109	4.005	8.821	2.385	4.951	2.369	5.859	5.513	7.045	7.726	6.971	4.102	4.655	5.699	4.194	4.369	0.000	5.210	1.193	3.940	6.828	7.087	3.497	3.379	5.234	6.355	4.086	4.379	1.334	8.078	6.540	3.672	6.043	6.531	3.937	4.913	4.098	4.169	4.714	2.980	2.707	6.148	6.591	4.611	1.748	3.989	6.981	9.529	1.229	3.875	2.285	5.393	7.945	2.030	3.893	7.068	8.999	4.155	4.560	7.203	8.913	8.494	3.086	3.837	1.044	0.169	5.829	6.152	7.714	7.286	8.494	5.196	5.714	4.918	7.738	3.075	1.204	8.544	6.459	4.739	2.490	3.034	3.227	6.881	2.916	2.244	9.682	3.155	3.407	5.420	3.760	8.552	8.648	]
[3.811	4.107	0.531	6.210	2.200	5.568	3.146	5.256	7.847	3.642	6.873	0.407	6.248	2.117	2.313	6.987	7.844	2.852	5.778	2.233	2.800	1.017	1.125	5.210	0.000	6.206	1.757	2.631	3.487	6.349	6.670	1.033	2.747	7.520	2.965	6.353	2.989	4.182	4.598	0.960	5.460	4.099	7.269	1.732	2.682	0.497	2.273	5.366	4.355	2.397	4.133	4.761	2.960	5.538	8.094	5.113	4.113	3.815	3.952	2.868	4.806	1.347	4.201	6.169	2.809	7.214	5.413	6.382	4.802	5.904	3.548	5.054	5.071	0.630	1.083	3.372	2.691	6.090	1.533	1.586	7.057	5.702	6.304	5.628	3.480	2.472	2.621	3.767	3.040	2.236	4.160	5.971	5.605	7.551	5.754	2.996	8.891	3.037	4.697	6.458	]
[4.920	8.608	5.677	7.762	6.718	2.052	5.664	2.917	4.386	9.755	2.693	5.983	1.615	6.571	6.684	8.094	8.732	8.128	5.087	5.829	6.884	5.193	5.452	1.193	6.206	0.000	4.765	7.977	8.268	4.299	4.065	6.332	7.527	4.623	5.572	1.480	9.136	7.731	3.735	7.083	7.679	4.158	5.684	4.904	5.356	5.711	3.935	2.449	7.333	7.736	5.782	2.852	5.181	8.140	10.649	2.262	4.091	2.782	6.579	9.005	2.088	4.863	8.261	10.188	5.345	5.288	8.375	10.096	9.681	3.961	4.215	1.248	1.258	6.834	7.196	8.865	8.412	9.676	6.330	6.506	5.739	8.914	3.832	1.995	9.611	7.614	5.321	2.954	4.222	4.080	8.074	3.755	1.841	10.844	4.073	3.979	5.812	4.282	9.734	9.821	]
[3.979	5.590	1.298	6.938	3.494	3.856	3.740	3.501	7.245	5.020	5.981	1.769	4.574	1.976	3.562	7.642	8.492	4.491	5.740	3.068	4.011	1.089	1.804	3.940	1.757	4.765	0.000	4.279	5.017	5.979	6.183	2.467	4.220	7.046	3.543	5.218	4.702	5.368	2.862	2.715	6.331	2.405	7.146	0.177	3.185	1.376	1.102	3.628	5.363	4.029	4.611	4.052	3.339	6.537	9.221	4.210	2.410	2.141	4.775	4.589	3.126	0.810	5.555	7.611	3.292	6.987	6.515	7.753	6.413	5.493	1.852	3.541	3.780	2.342	2.839	5.079	4.426	7.413	2.816	1.774	6.991	6.899	5.803	4.654	5.196	4.047	1.363	2.060	2.869	0.715	5.465	5.489	3.912	8.854	5.397	1.241	8.469	1.328	6.341	7.737	]
[3.880	1.636	2.990	4.794	1.323	7.831	2.862	7.677	8.276	3.795	7.807	2.512	8.408	4.540	1.407	5.600	6.390	0.223	5.641	2.235	1.513	3.249	2.674	6.828	2.631	7.977	4.279	0.000	0.999	6.606	7.053	1.833	0.746	7.792	2.817	7.677	2.054	2.301	7.135	1.869	3.914	6.679	7.049	4.297	2.840	2.908	4.364	7.705	2.790	0.255	3.599	5.741	3.124	3.755	5.916	6.277	6.687	6.083	2.875	1.938	7.032	3.613	1.965	3.654	2.912	7.156	3.469	3.947	2.172	6.285	6.125	7.009	6.731	2.294	1.782	0.888	0.679	3.729	1.664	4.006	6.776	3.564	6.754	6.812	2.296	0.392	5.252	6.091	3.892	4.552	2.035	6.441	7.823	5.163	6.084	5.500	8.971	5.604	2.070	4.142	]
[3.751	0.643	3.770	4.001	1.618	8.352	2.760	8.289	8.029	4.687	7.764	3.296	8.867	5.484	1.615	4.791	5.543	0.810	5.283	2.446	1.396	3.942	3.280	7.087	3.487	8.268	5.017	0.999	0.000	6.350	6.827	2.558	0.808	7.501	2.785	7.791	2.875	1.495	7.831	2.824	3.114	7.418	6.601	5.059	2.930	3.684	4.922	8.269	2.079	1.153	3.256	5.801	3.155	2.877	4.922	6.380	7.419	6.644	2.395	2.779	7.550	4.284	1.011	2.695	2.963	6.763	2.548	2.960	1.449	6.090	6.867	7.404	7.010	3.232	2.747	1.149	1.517	2.731	2.223	4.945	6.315	2.588	6.564	6.900	3.001	1.019	6.096	6.678	4.061	5.186	1.129	6.272	8.322	4.171	5.879	6.198	8.579	6.343	1.467	3.144	]
[2.752	6.374	5.982	4.024	5.349	5.919	3.751	6.550	1.679	9.793	2.019	5.957	5.810	7.888	5.235	4.099	4.592	6.646	1.204	4.550	5.108	5.549	5.227	3.497	6.349	4.299	5.979	6.606	6.350	0.000	0.507	5.774	5.901	1.201	3.825	2.918	8.461	5.165	6.938	6.801	4.315	7.039	1.417	6.154	3.917	5.952	4.892	6.180	4.569	6.448	3.096	2.070	3.602	4.848	6.881	2.314	6.987	5.325	3.994	8.326	5.439	5.455	5.834	7.252	3.810	1.091	5.220	6.990	7.451	0.491	6.761	4.520	3.598	6.812	6.863	7.356	7.249	6.573	5.434	7.534	1.440	5.760	0.483	2.337	8.822	6.221	7.212	5.523	3.314	5.370	5.616	0.586	5.740	7.394	0.596	6.109	2.543	6.482	7.620	6.563	]
[3.180	6.865	6.280	4.511	5.780	5.798	4.192	6.477	1.226	10.164	1.608	6.286	5.622	8.121	5.671	4.551	5.002	7.100	1.709	4.958	5.565	5.830	5.556	3.379	6.670	4.065	6.183	7.053	6.827	0.507	0.000	6.147	6.358	0.865	4.254	2.627	8.877	5.663	6.934	7.168	4.820	7.079	1.635	6.359	4.321	6.255	5.085	6.085	5.070	6.888	3.579	2.166	4.008	5.353	7.350	2.275	7.024	5.356	4.484	8.741	5.376	5.709	6.330	7.759	4.219	1.224	5.726	7.495	7.946	0.783	6.836	4.420	3.499	7.156	7.235	7.818	7.689	7.079	5.829	7.791	1.740	6.266	0.380	2.181	9.248	6.665	7.373	5.559	3.630	5.546	6.112	0.704	5.610	7.887	0.972	6.215	2.286	6.591	8.111	7.065	]
[3.089	3.151	1.216	5.218	1.168	6.022	2.275	5.845	7.359	4.019	6.578	0.750	6.627	3.149	1.280	6.007	6.859	2.037	5.061	1.337	1.767	1.417	0.887	5.234	1.033	6.332	2.467	1.833	2.558	5.774	6.147	0.000	1.776	6.970	2.116	6.236	2.878	3.150	5.310	1.029	4.448	4.872	6.554	2.503	1.901	1.129	2.561	5.882	3.331	1.580	3.256	4.445	2.210	4.509	7.063	4.894	4.876	4.266	2.967	2.741	5.228	1.780	3.194	5.200	2.024	6.548	4.381	5.388	3.946	5.366	4.320	5.284	5.118	1.144	1.088	2.680	2.112	5.082	0.511	2.615	6.321	4.673	5.800	5.429	3.325	1.580	3.558	4.265	2.586	2.721	3.141	5.468	6.024	6.542	5.194	3.674	8.290	3.796	3.879	5.442	]
[3.203	1.375	2.991	4.096	0.823	7.553	2.183	7.481	7.577	4.492	7.178	2.522	8.080	4.802	0.843	4.905	5.712	0.745	4.912	1.700	0.793	3.140	2.473	6.355	2.747	7.527	4.220	0.746	0.808	5.901	6.358	1.776	0.000	7.081	2.165	7.122	2.790	1.654	7.025	2.196	3.226	6.618	6.309	4.268	2.246	2.904	4.116	7.464	2.083	0.696	2.866	5.153	2.504	3.118	5.449	5.713	6.618	5.839	2.129	2.670	6.751	3.479	1.481	3.428	2.299	6.423	2.878	3.637	2.251	5.597	6.068	6.630	6.271	2.571	2.142	1.467	1.425	3.357	1.416	4.260	6.034	3.056	6.069	6.242	3.042	0.445	5.331	5.871	3.352	4.378	1.484	5.761	7.526	4.818	5.392	5.393	8.240	5.544	2.244	3.741	]
[3.951	7.487	7.137	4.805	6.545	6.472	4.945	7.195	0.625	10.989	1.962	7.133	6.222	8.986	6.430	4.698	5.012	7.826	2.237	5.751	6.289	6.690	6.402	4.086	7.520	4.623	7.046	7.792	7.501	1.201	0.865	6.970	7.081	0.000	5.023	3.144	9.661	6.257	7.706	7.995	5.244	7.880	1.473	7.223	5.118	7.111	5.947	6.785	5.645	7.639	4.246	3.017	4.803	5.776	7.527	3.065	7.823	6.158	5.120	9.525	6.110	6.573	6.931	8.212	5.010	1.047	6.176	7.909	8.546	1.616	7.658	5.129	4.220	7.997	8.059	8.528	8.441	7.503	6.634	8.656	1.704	6.699	1.245	2.884	10.019	7.409	8.227	6.363	4.480	6.405	6.713	1.567	6.277	8.182	1.777	7.053	1.426	7.429	8.729	7.444	]
[1.075	3.047	2.812	3.400	1.526	5.975	0.198	6.112	5.480	6.054	5.014	2.564	6.368	4.957	1.419	4.127	4.983	2.887	2.981	0.782	1.400	2.591	1.944	4.379	2.965	5.572	3.543	2.817	2.785	3.825	4.254	2.116	2.165	5.023	0.000	5.009	4.639	2.211	5.911	3.126	2.804	5.661	4.464	3.671	0.360	2.745	2.892	5.983	1.965	2.639	1.168	3.016	0.391	3.068	5.780	3.598	5.640	4.432	1.272	4.504	5.195	2.747	2.692	4.682	0.277	4.492	3.131	4.667	4.138	3.479	5.165	4.842	4.322	3.251	3.163	3.629	3.438	4.268	1.681	4.473	4.221	3.601	3.944	4.116	4.997	2.425	4.892	4.529	1.366	3.332	2.512	3.627	5.904	5.606	3.282	4.410	6.274	4.682	4.222	4.503	]
[4.152	8.034	5.851	6.651	6.362	3.427	5.054	4.231	2.914	9.992	1.220	6.056	3.089	7.162	6.299	6.887	7.463	7.795	3.848	5.446	6.398	5.350	5.414	1.334	6.353	1.480	5.218	7.677	7.791	2.918	2.627	6.236	7.122	3.144	5.009	0.000	9.112	7.018	4.914	7.123	6.697	5.231	4.260	5.382	4.878	5.863	4.202	3.784	6.540	7.455	4.934	2.002	4.637	7.194	9.558	1.411	5.166	3.613	5.812	8.976	3.234	5.082	7.612	9.405	4.833	3.850	7.481	9.251	9.135	2.648	5.160	2.229	1.503	6.955	7.224	8.546	8.198	8.825	6.114	6.990	4.341	8.031	2.437	0.901	9.560	7.292	6.069	3.816	3.785	4.502	7.408	2.421	3.221	9.881	2.798	4.740	4.345	5.093	9.230	8.916	]
[5.710	3.403	3.513	6.832	3.129	8.548	4.730	8.187	10.102	1.837	9.434	3.157	9.236	4.045	3.254	7.634	8.407	2.139	7.582	3.920	3.504	3.965	3.712	8.078	2.989	9.136	4.702	2.054	2.875	8.461	8.877	2.878	2.790	9.661	4.639	9.112	0.000	4.323	7.442	2.058	5.948	6.886	9.028	4.641	4.558	3.463	5.232	8.330	4.839	2.114	5.571	7.307	4.870	5.748	7.650	7.770	6.913	6.801	4.910	0.137	7.793	4.321	3.883	5.099	4.659	9.102	5.422	5.505	3.343	8.096	6.358	8.020	7.952	2.369	1.942	1.835	1.389	5.396	3.075	3.621	8.763	5.422	8.551	8.306	0.494	2.369	5.195	6.747	5.433	5.225	4.000	8.225	8.590	6.717	7.907	5.913	10.902	5.884	3.093	5.830	]
[2.867	1.254	4.294	2.514	1.982	8.178	2.085	8.275	6.821	6.096	6.791	3.874	8.579	6.295	1.874	3.312	4.090	2.186	4.020	2.334	1.390	4.292	3.568	6.540	4.182	7.731	5.368	2.301	1.495	5.165	5.663	3.150	1.654	6.257	2.211	7.018	4.323	0.000	7.990	3.798	1.627	7.672	5.231	5.456	2.507	4.209	4.960	8.171	0.627	2.332	2.136	5.025	2.594	1.464	3.914	5.637	7.660	6.592	1.219	4.217	7.393	4.565	0.675	2.473	2.473	5.437	1.244	2.470	2.289	4.979	7.145	7.050	6.495	4.134	3.759	2.643	2.936	2.087	2.665	5.757	4.939	1.537	5.447	6.118	4.485	2.093	6.619	6.672	3.571	5.337	0.458	5.187	8.111	3.494	4.764	6.413	7.236	6.634	2.477	2.376	]
[5.933	8.376	4.159	9.116	6.255	1.833	6.090	1.004	7.671	7.384	6.052	4.630	2.621	3.752	6.301	9.709	10.509	7.344	7.185	5.660	6.709	3.897	4.555	3.672	4.598	3.735	2.862	7.135	7.831	6.938	6.934	5.310	7.025	7.706	5.911	4.914	7.442	7.990	0.000	5.543	8.671	0.619	8.320	2.867	5.562	4.238	3.034	1.419	7.864	6.884	6.753	4.888	5.597	8.975	11.688	4.659	0.569	1.651	7.180	7.341	1.684	3.547	8.275	10.350	5.635	8.028	9.035	10.441	9.250	6.467	1.088	2.686	3.519	5.142	5.666	7.941	7.284	10.074	5.609	3.964	8.258	9.478	6.588	4.839	7.933	6.887	2.365	1.480	4.777	2.667	8.157	6.357	2.017	11.475	6.465	1.636	9.075	1.567	9.190	10.359	]
[4.118	3.466	1.467	6.066	1.921	6.522	3.274	6.215	8.375	2.997	7.541	1.100	7.193	2.671	2.059	6.868	7.710	2.090	6.087	2.344	2.509	1.907	1.715	6.043	0.960	7.083	2.715	1.869	2.824	6.801	7.168	1.029	2.196	7.995	3.126	7.123	2.058	3.798	5.543	0.000	5.249	5.028	7.578	2.682	2.928	1.411	3.174	6.325	4.099	1.673	4.242	5.408	3.238	5.235	7.644	5.822	5.046	4.765	3.854	1.932	5.755	2.265	3.673	5.513	3.049	7.577	5.041	5.781	4.018	6.387	4.481	5.961	5.913	0.435	0.124	2.500	1.788	5.530	1.453	2.138	7.342	5.250	6.817	6.351	2.543	1.823	3.468	4.723	3.578	3.183	3.678	6.484	6.555	6.984	6.218	3.952	9.319	3.977	3.881	5.926	]
[2.856	2.763	5.454	0.887	3.336	8.520	2.612	8.780	5.853	7.707	6.197	5.101	8.782	7.564	3.203	1.686	2.486	3.809	3.112	3.311	2.740	5.329	4.627	6.531	5.460	7.679	6.331	3.914	3.114	4.315	4.820	4.448	3.226	5.244	2.804	6.697	5.948	1.627	8.671	5.249	0.000	8.452	4.004	6.451	3.164	5.376	5.682	8.592	1.156	3.920	1.972	4.832	3.080	0.534	3.050	5.439	8.429	7.127	1.558	5.840	7.782	5.526	2.175	2.969	3.071	4.296	0.941	2.677	3.611	4.276	7.964	7.243	6.529	5.533	5.230	4.258	4.560	2.263	3.937	7.043	3.708	1.455	4.698	5.834	6.112	3.671	7.665	7.246	3.924	6.133	2.003	4.510	8.416	3.184	4.071	7.207	6.007	7.485	3.857	2.256	]
[5.791	7.982	3.690	8.947	5.871	2.375	5.847	1.601	7.892	6.776	6.319	4.167	3.177	3.138	5.928	9.574	10.392	6.892	7.183	5.339	6.355	3.477	4.166	3.937	4.099	4.158	2.405	6.679	7.418	7.039	7.079	4.872	6.618	7.880	5.661	5.231	6.886	7.672	0.619	5.028	8.452	0.000	8.391	2.383	5.305	3.771	2.771	1.978	7.589	6.431	6.575	4.971	5.373	8.727	11.438	4.815	0.067	1.723	6.932	6.787	2.070	3.147	7.916	9.985	5.388	8.126	8.758	10.101	8.818	6.558	0.554	3.021	3.775	4.617	5.150	7.463	6.790	9.746	5.206	3.367	8.308	9.181	6.721	5.055	7.374	6.451	1.758	1.520	4.620	2.341	7.811	6.468	2.541	11.166	6.535	1.260	9.273	1.076	8.744	10.048	]
[3.472	6.485	6.967	3.448	5.909	7.336	4.337	7.960	2.085	10.516	3.213	6.865	7.217	8.985	5.779	3.255	3.539	7.045	1.494	5.241	5.541	6.579	6.149	4.913	7.269	5.684	7.146	7.049	6.601	1.417	1.635	6.554	6.309	1.473	4.464	4.260	9.028	5.231	8.320	7.578	4.004	8.391	0.000	7.318	4.653	6.925	6.094	7.594	4.604	6.934	3.458	3.432	4.347	4.523	6.079	3.726	8.341	6.691	4.216	8.897	6.847	6.543	5.901	6.956	4.530	0.442	4.945	6.614	7.488	1.858	8.084	5.936	5.015	7.659	7.622	7.696	7.722	6.223	6.143	8.588	0.297	5.438	1.856	3.746	9.335	6.687	8.435	6.884	4.334	6.588	5.688	2.000	7.157	6.790	1.857	7.404	2.013	7.773	7.699	6.121	]
[4.134	5.641	1.307	7.070	3.560	3.939	3.868	3.548	7.422	4.902	6.154	1.785	4.670	1.802	3.633	7.780	8.631	4.511	5.908	3.172	4.090	1.164	1.888	4.098	1.732	4.904	0.177	4.297	5.059	6.154	6.359	2.503	4.268	7.223	3.671	5.382	4.641	5.456	2.867	2.682	6.451	2.383	7.318	0.000	3.315	1.389	1.279	3.696	5.468	4.050	4.752	4.229	3.478	6.647	9.323	4.384	2.393	2.247	4.894	4.531	3.224	0.925	5.625	7.673	3.424	7.160	6.615	7.825	6.443	5.669	1.829	3.674	3.937	2.294	2.805	5.082	4.417	7.491	2.875	1.616	7.161	6.990	5.979	4.826	5.135	4.078	1.222	2.153	3.032	0.881	5.540	5.665	4.003	8.936	5.572	1.275	8.645	1.311	6.364	7.820	]
[1.191	3.253	2.493	3.755	1.518	5.672	0.556	5.783	5.545	5.895	4.968	2.276	6.089	4.634	1.436	4.475	5.329	2.936	3.160	0.638	1.535	2.248	1.624	4.169	2.682	5.356	3.185	2.840	2.930	3.917	4.321	1.901	2.246	5.118	0.360	4.878	4.558	2.507	5.562	2.928	3.164	5.305	4.653	3.315	0.000	2.429	2.537	5.666	2.305	2.640	1.482	2.911	0.316	3.422	6.134	3.467	5.285	4.100	1.628	4.422	4.885	2.391	2.944	4.968	0.128	4.651	3.474	4.975	4.326	3.539	4.806	4.575	4.100	3.013	2.976	3.686	3.425	4.582	1.518	4.158	4.422	3.933	3.993	3.996	4.941	2.448	4.536	4.192	1.135	2.973	2.776	3.668	5.607	5.938	3.353	4.052	6.407	4.322	4.389	4.830	]
[3.498	4.279	0.087	6.083	2.249	5.117	2.936	4.844	7.419	4.129	6.404	0.396	5.782	2.215	2.341	6.842	7.700	3.122	5.443	2.076	2.820	0.520	0.807	4.714	0.497	5.711	1.376	2.908	3.684	5.952	6.255	1.129	2.904	7.111	2.745	5.863	3.463	4.209	4.238	1.411	5.376	3.771	6.925	1.389	2.429	0.000	1.780	4.931	4.311	2.661	3.908	4.304	2.681	5.500	8.117	4.637	3.780	3.357	3.835	3.340	4.346	0.858	4.306	6.327	2.555	6.848	5.415	6.505	5.056	5.497	3.218	4.565	4.575	1.123	1.533	3.703	3.057	6.190	1.554	1.729	6.723	5.744	5.885	5.148	3.952	2.693	2.435	3.321	2.638	1.774	4.241	5.553	5.145	7.646	5.356	2.612	8.495	2.696	4.974	6.539	]
[3.089	5.422	1.743	6.196	3.309	3.467	3.077	3.371	6.143	5.845	4.902	2.079	4.069	3.071	3.335	6.849	7.682	4.553	4.723	2.636	3.709	1.268	1.690	2.980	2.273	3.935	1.102	4.364	4.922	4.892	5.085	2.561	4.116	5.947	2.892	4.202	5.232	4.960	3.034	3.174	5.682	2.771	6.094	1.279	2.537	1.780	0.000	3.352	4.834	4.110	3.826	2.950	2.604	5.959	8.672	3.123	2.749	1.725	4.164	5.106	2.670	0.928	5.271	7.346	2.618	5.915	6.004	7.418	6.367	4.405	2.289	2.788	2.831	2.902	3.291	5.232	4.669	7.046	2.726	2.818	5.952	6.444	4.704	3.584	5.716	4.058	2.342	1.757	1.924	0.505	5.143	4.393	3.464	8.441	4.316	1.530	7.371	1.836	6.345	7.326	]
[5.747	8.750	4.866	8.909	6.652	0.422	6.138	0.471	6.660	8.503	4.983	5.298	1.203	4.955	6.669	9.412	10.162	7.898	6.642	5.915	7.013	4.492	5.033	2.707	5.366	2.449	3.628	7.705	8.269	6.180	6.085	5.882	7.464	6.785	5.983	3.784	8.330	8.171	1.419	6.325	8.592	1.978	7.594	3.696	5.666	4.931	3.352	0.000	7.939	7.450	6.622	4.247	5.622	8.963	11.643	3.868	1.914	1.626	7.207	8.216	0.815	4.119	8.555	10.616	5.711	7.255	9.090	10.640	9.716	5.745	2.265	1.665	2.588	5.967	6.448	8.561	7.963	10.248	6.077	5.070	7.578	9.578	5.775	3.910	8.824	7.407	3.566	1.617	4.687	3.171	8.409	5.594	0.624	11.582	5.786	2.445	8.088	2.578	9.696	10.485	]
[2.418	1.881	4.393	2.014	2.195	7.916	1.802	8.076	6.216	6.573	6.248	4.012	8.268	6.470	2.066	2.824	3.640	2.704	3.410	2.296	1.593	4.319	3.600	6.148	4.355	7.333	5.363	2.790	2.079	4.569	5.070	3.331	2.083	5.645	1.965	6.540	4.839	0.627	7.864	4.099	1.156	7.589	4.604	5.468	2.305	4.311	4.834	7.939	0.000	2.779	1.610	4.566	2.317	1.189	3.860	5.183	7.572	6.397	0.756	4.726	7.144	4.553	1.298	2.869	2.241	4.813	1.171	2.767	2.904	4.405	7.078	6.728	6.117	4.394	4.077	3.225	3.451	2.351	2.823	5.942	4.311	1.640	4.868	5.644	5.034	2.527	6.664	6.494	3.268	5.249	1.084	4.619	7.835	3.644	4.190	6.331	6.609	6.580	3.100	2.549	]
[3.710	1.796	2.744	4.792	1.123	7.576	2.697	7.423	8.113	3.795	7.607	2.265	8.155	4.340	1.220	5.601	6.405	0.461	5.509	2.024	1.396	2.996	2.420	6.591	2.397	7.736	4.029	0.255	1.153	6.448	6.888	1.580	0.696	7.639	2.639	7.455	2.114	2.332	6.884	1.673	3.920	6.431	6.934	4.050	2.640	2.661	4.110	7.450	2.779	0.000	3.477	5.530	2.931	3.796	6.037	6.059	6.438	5.829	2.796	1.990	6.778	3.360	2.064	3.840	2.718	7.027	3.533	4.113	2.406	6.116	5.877	6.761	6.492	2.089	1.594	1.134	0.801	3.877	1.415	3.803	6.665	3.665	6.582	6.594	2.401	0.257	5.019	5.837	3.672	4.298	2.109	6.266	7.569	5.323	5.917	5.249	8.838	5.355	2.314	4.283	]
[0.887	3.294	3.973	2.372	2.463	6.548	0.988	6.818	4.773	7.102	4.655	3.732	6.821	6.115	2.330	3.036	3.881	3.608	2.048	1.922	2.086	3.722	3.103	4.611	4.133	5.782	4.611	3.599	3.256	3.096	3.579	3.256	2.866	4.246	1.168	4.934	5.571	2.136	6.753	4.242	1.972	6.575	3.458	4.752	1.482	3.908	3.826	6.622	1.610	3.477	0.000	2.974	1.275	2.380	5.022	3.591	6.547	5.178	0.921	5.441	5.811	3.839	2.782	4.471	1.359	3.558	2.593	4.331	4.386	2.863	6.112	5.280	4.596	4.398	4.268	4.291	4.268	3.907	2.790	5.636	3.192	3.133	3.336	4.041	5.878	3.232	5.972	5.307	1.978	4.304	2.566	3.062	6.445	5.074	2.649	5.354	5.374	5.658	4.540	4.039	]
[2.158	6.032	4.313	4.920	4.419	4.043	3.054	4.576	3.194	8.373	2.134	4.410	4.103	6.014	4.345	5.299	5.991	5.845	2.400	3.507	4.413	3.832	3.706	1.748	4.761	2.852	4.052	5.741	5.801	2.070	2.166	4.445	5.153	3.017	3.016	2.002	7.307	5.025	4.888	5.408	4.832	4.971	3.432	4.229	2.911	4.304	2.950	4.247	4.566	5.530	2.974	0.000	2.653	5.302	7.799	0.617	4.919	3.261	3.827	7.170	3.465	3.655	5.611	7.435	2.855	3.155	5.556	7.305	7.134	1.587	4.694	2.644	1.785	5.313	5.495	6.596	6.296	6.881	4.248	5.721	3.374	6.101	1.790	1.103	7.732	5.351	5.210	3.457	1.879	3.394	5.409	1.509	3.889	8.005	1.577	4.054	4.442	4.430	7.232	7.001	]
[0.879	3.434	2.740	3.612	1.809	5.604	0.517	5.764	5.232	6.209	4.684	2.553	5.986	4.869	1.718	4.304	5.153	3.210	2.853	0.950	1.761	2.457	1.875	3.989	2.960	5.181	3.339	3.124	3.155	3.602	4.008	2.210	2.504	4.803	0.391	4.637	4.870	2.594	5.597	3.238	3.080	5.373	4.347	3.478	0.316	2.681	2.604	5.622	2.317	2.931	1.275	2.653	0.000	3.381	6.092	3.226	5.349	4.089	1.594	4.734	4.829	2.564	3.083	5.067	0.214	4.339	3.473	5.042	4.522	3.226	4.890	4.457	3.931	3.313	3.289	3.958	3.722	4.640	1.834	4.405	4.120	3.956	3.682	3.748	5.249	2.732	4.699	4.194	0.978	3.065	2.902	3.358	5.529	5.960	3.039	4.132	6.092	4.420	4.601	4.864	]
[3.266	2.443	5.582	1.239	3.359	8.909	2.885	9.131	6.386	7.542	6.720	5.199	9.200	7.654	3.235	1.958	2.669	3.625	3.644	3.477	2.753	5.503	4.786	6.981	5.538	8.140	6.537	3.755	2.877	4.848	5.353	4.509	3.118	5.776	3.068	7.194	5.748	1.464	8.975	5.235	0.534	8.727	4.523	6.647	3.422	5.500	5.959	8.963	1.189	3.796	2.380	5.302	3.381	0.000	2.713	5.914	8.707	7.464	1.796	5.648	8.157	5.728	1.884	2.439	3.342	4.823	0.439	2.143	3.192	4.801	8.225	7.658	6.971	5.550	5.203	3.996	4.371	1.729	4.005	7.124	4.228	0.923	5.227	6.323	5.873	3.557	7.847	7.574	4.277	6.392	1.749	5.034	8.812	2.704	4.595	7.473	6.520	7.734	3.452	1.733	]
[5.904	4.304	8.202	2.907	5.895	11.568	5.598	11.826	8.150	9.485	8.884	7.788	11.813	10.202	5.788	2.829	2.709	5.731	5.752	6.153	5.303	8.167	7.444	9.529	8.094	10.649	9.221	5.916	4.922	6.881	7.350	7.063	5.449	7.527	5.780	9.558	7.650	3.914	11.688	7.644	3.050	11.438	6.079	9.323	6.134	8.117	8.672	11.643	3.860	6.037	5.022	7.799	6.092	2.713	0.000	8.389	11.418	10.166	4.509	7.581	10.832	8.411	3.978	2.706	6.055	6.483	2.709	2.220	4.413	6.979	10.933	10.279	9.537	8.010	7.589	5.817	6.399	2.255	6.578	9.663	5.825	2.398	7.331	8.736	7.627	5.842	10.508	10.280	6.969	9.100	3.968	7.218	11.462	1.250	6.798	10.182	7.841	10.438	4.699	1.820	]
[2.772	6.629	4.636	5.500	4.959	3.622	3.647	4.236	3.120	8.750	1.783	4.785	3.597	6.186	4.892	5.844	6.508	6.390	2.875	4.043	4.987	4.141	4.108	1.229	5.113	2.262	4.210	6.277	6.380	2.314	2.275	4.894	5.713	3.065	3.598	1.411	7.770	5.637	4.659	5.822	5.439	4.815	3.726	4.384	3.467	4.637	3.123	3.868	5.183	6.059	3.591	0.617	3.226	5.914	8.389	0.000	4.759	3.092	4.442	7.633	3.125	3.920	6.218	8.052	3.421	3.398	6.172	7.922	7.729	1.877	4.601	2.217	1.304	5.691	5.916	7.142	6.811	7.498	4.739	5.938	3.712	6.718	1.933	0.538	8.207	5.890	5.264	3.297	2.387	3.516	6.017	1.728	3.452	8.616	1.932	4.026	4.466	4.401	7.820	7.616	]
[5.759	7.980	3.698	8.918	5.868	2.310	5.826	1.541	7.832	6.819	6.257	4.175	3.112	3.184	5.923	9.542	10.359	6.900	7.138	5.327	6.348	3.477	4.163	3.875	4.113	4.091	2.410	6.687	7.419	6.987	7.024	4.876	6.618	7.823	5.640	5.166	6.913	7.660	0.569	5.046	8.429	0.067	8.341	2.393	5.285	3.780	2.749	1.914	7.572	6.438	6.547	4.919	5.349	8.707	11.418	4.759	0.000	1.668	6.912	6.814	2.003	3.144	7.910	9.980	5.367	8.074	8.742	10.093	8.822	6.506	0.566	2.955	3.713	4.637	5.168	7.475	6.804	9.736	5.205	3.405	8.260	9.167	6.666	4.996	7.402	6.456	1.800	1.466	4.589	2.326	7.803	6.415	2.475	11.154	6.485	1.247	9.215	1.083	8.751	10.036	]
[4.333	7.131	3.298	7.522	5.028	1.763	4.598	1.683	6.181	7.148	4.640	3.709	2.439	3.804	5.048	8.090	8.880	6.275	5.534	4.308	5.401	2.894	3.410	2.285	3.815	2.782	2.141	6.083	6.644	5.325	5.356	4.266	5.839	6.158	4.432	3.613	6.801	6.592	1.651	4.765	7.127	1.723	6.691	2.247	4.100	3.357	1.725	1.626	6.397	5.829	5.178	3.261	4.089	7.464	10.166	3.092	1.668	0.000	5.683	6.682	0.992	2.522	6.951	9.019	4.156	6.414	7.560	9.062	8.090	4.847	1.553	1.537	2.118	4.432	4.888	6.944	6.359	8.677	4.451	3.787	6.620	8.032	4.999	3.350	7.293	5.782	2.540	0.208	3.204	1.583	6.811	4.751	1.790	10.037	4.834	1.197	7.554	1.511	8.070	8.931	]
[1.671	2.382	3.912	2.257	1.947	7.175	1.091	7.357	5.665	6.548	5.573	3.579	7.516	6.037	1.806	3.040	3.894	2.846	2.893	1.761	1.425	3.772	3.074	5.393	3.952	6.579	4.775	2.875	2.395	3.994	4.484	2.967	2.129	5.120	1.272	5.812	4.910	1.219	7.180	3.854	1.558	6.932	4.216	4.894	1.628	3.835	4.164	7.207	0.756	2.796	0.921	3.827	1.594	1.796	4.509	4.442	6.912	5.683	0.000	4.786	6.408	3.969	1.862	3.614	1.547	4.368	1.883	3.522	3.469	3.780	6.433	5.976	5.361	4.090	3.854	3.481	3.553	3.107	2.460	5.525	3.934	2.382	4.251	4.913	5.171	2.541	6.106	5.787	2.525	4.600	1.646	3.981	7.090	4.379	3.565	5.680	6.185	5.946	3.628	3.295	]
[5.575	3.320	3.391	6.724	2.996	8.431	4.596	8.078	9.966	1.915	9.297	3.029	9.116	3.974	3.122	7.527	8.304	2.031	7.450	3.784	3.378	3.839	3.578	7.945	2.868	9.005	4.589	1.938	2.779	8.326	8.741	2.741	2.670	9.525	4.504	8.976	0.137	4.217	7.341	1.932	5.840	6.787	8.897	4.531	4.422	3.340	5.106	8.216	4.726	1.990	5.441	7.170	4.734	5.648	7.581	7.633	6.814	6.682	4.786	0.000	7.674	4.196	3.789	5.049	4.522	8.969	5.328	5.448	3.300	7.960	6.257	7.893	7.820	2.251	1.814	1.764	1.281	5.330	2.938	3.540	8.633	5.338	8.414	8.169	0.612	2.246	5.105	6.630	5.295	5.104	3.901	8.088	8.471	6.663	7.771	5.804	10.769	5.780	3.056	5.763	]
[4.934	8.012	4.288	8.094	5.932	0.802	5.345	1.114	6.032	8.115	4.388	4.693	1.448	4.691	5.941	8.600	9.353	7.218	5.851	5.164	6.266	3.875	4.360	2.030	4.806	2.088	3.126	7.032	7.550	5.439	5.376	5.228	6.751	6.110	5.195	3.234	7.793	7.393	1.684	5.755	7.782	2.070	6.847	3.224	4.885	4.346	2.670	0.815	7.144	6.778	5.811	3.465	4.829	8.157	10.832	3.125	2.003	0.992	6.408	7.674	0.000	3.505	7.795	9.847	4.925	6.522	8.291	9.859	8.999	4.991	2.157	1.009	1.890	5.425	5.878	7.901	7.331	9.463	5.385	4.723	6.819	8.784	5.051	3.226	8.285	6.719	3.355	1.072	3.885	2.572	7.643	4.852	0.800	10.786	5.021	2.074	7.450	2.311	8.991	9.693	]
[3.258	4.837	0.816	6.146	2.724	4.285	2.944	4.066	6.829	4.929	5.702	1.189	4.934	2.443	2.782	6.861	7.714	3.816	5.099	2.259	3.219	0.373	1.019	3.893	1.347	4.863	0.810	3.613	4.284	5.455	5.709	1.780	3.479	6.573	2.747	5.082	4.321	4.565	3.547	2.265	5.526	3.147	6.543	0.925	2.391	0.858	0.928	4.119	4.553	3.360	3.839	3.655	2.564	5.728	8.411	3.920	3.144	2.522	3.969	4.196	3.505	0.000	4.773	6.839	2.502	6.418	5.706	6.966	5.704	4.981	2.604	3.708	3.748	1.977	2.385	4.452	3.844	6.620	2.063	2.083	6.369	6.093	5.331	4.411	4.808	3.347	2.145	2.502	2.212	0.948	4.675	5.006	4.305	8.055	4.862	1.914	7.982	2.084	5.651	6.938	]
[3.464	0.597	4.393	3.052	2.066	8.590	2.598	8.628	7.493	5.697	7.429	3.942	9.031	6.277	1.994	3.824	4.553	1.801	4.694	2.643	1.566	4.467	3.756	7.068	4.201	8.261	5.555	1.965	1.011	5.834	6.330	3.194	1.481	6.931	2.692	7.612	3.883	0.675	8.275	3.673	2.175	7.916	5.901	5.625	2.944	4.306	5.271	8.555	1.298	2.064	2.782	5.611	3.083	1.884	3.978	6.218	7.910	6.951	1.862	3.789	7.795	4.773	0.000	2.076	2.934	6.111	1.539	2.201	1.617	5.638	7.376	7.519	7.013	4.051	3.614	2.112	2.527	1.889	2.757	5.736	5.608	1.602	6.108	6.711	3.990	1.864	6.740	7.014	4.056	5.608	0.219	5.842	8.536	3.350	5.423	6.666	7.908	6.857	1.803	2.263	]
