N=80;
nK1=32;
nK2=28;
nK3=20;
K1=[1 	6 	8 	11 	12 	14 	16 	19 	24 	25 	26 	31 	32 	33 	36 	38 	39 	42 	48 	54 	55 	57 	58 	59 	62 	63 	64 	69 	72 	73 	77 	80 	];
K2=[4 	5 	9 	18 	21 	22 	23 	27 	28 	34 	35 	37 	41 	43 	44 	46 	50 	52 	53 	56 	60 	61 	67 	70 	71 	74 	78 	79 	];
K3=[2 	3 	7 	10 	13 	15 	17 	20 	29 	30 	40 	45 	47 	49 	51 	65 	66 	68 	75 	76 	];
DG=[4.160000e+01	4.160000e+01	4.960000e+01	6.080000e+01	3.520000e+01	6.720000e+01	6.080000e+01	3.360000e+01	3.680000e+01	4.160000e+01	7.040000e+01	6.240000e+01	4.480000e+01	5.920000e+01	3.520000e+01	3.520000e+01	7.680000e+01	7.680000e+01	40	56	3.360000e+01	7.840000e+01	7.680000e+01	3.520000e+01	40	7.520000e+01	5.120000e+01	7.360000e+01	56	5.440000e+01	3.360000e+01	6.880000e+01	6.560000e+01	5.920000e+01	6.240000e+01	80	4.480000e+01	3.680000e+01	7.520000e+01	72	6.560000e+01	6.560000e+01	4.160000e+01	48	7.040000e+01	56	5.280000e+01	4.640000e+01	7.840000e+01	3.840000e+01	4.320000e+01	7.360000e+01	3.520000e+01	6.080000e+01	7.040000e+01	6.080000e+01	7.680000e+01	5.440000e+01	3.520000e+01	4.960000e+01	7.520000e+01	7.840000e+01	64	5.920000e+01	4.960000e+01	4.960000e+01	6.240000e+01	3.840000e+01	7.840000e+01	32	3.680000e+01	5.760000e+01	6.240000e+01	6.880000e+01	80	6.080000e+01	56	6.720000e+01	6.880000e+01	5.280000e+01	];
LOAD=[26	26	31	38	22	42	38	21	23	26	44	39	28	37	22	22	48	48	25	35	21	49	48	22	25	47	32	46	35	34	21	43	41	37	39	50	28	23	47	45	41	41	26	30	44	35	33	29	49	24	27	46	22	38	44	38	48	34	22	31	47	49	40	37	31	31	39	24	49	20	23	36	39	43	50	38	35	42	43	33	];
DIST=[[0.000	6.508	3.067	5.765	8.141	9.332	9.205	5.028	5.527	5.344	1.266	0.713	6.117	4.281	2.766	5.629	2.303	8.323	2.942	0.628	3.103	6.669	9.779	2.863	2.559	8.250	3.568	3.111	6.013	2.914	6.602	10.390	1.834	4.879	8.932	6.633	6.660	3.821	7.767	0.324	5.335	8.328	5.456	7.332	4.735	4.289	3.611	5.722	9.266	8.825	6.508	5.867	1.672	7.415	7.102	5.883	5.176	8.359	10.374	2.539	4.822	7.078	3.759	4.642	9.531	8.236	4.759	5.468	6.863	9.385	3.077	3.400	3.951	7.728	0.838	4.400	2.001	3.035	8.226	6.229	]
[6.508	0.000	4.549	0.907	5.956	8.816	12.944	10.225	3.457	1.269	7.766	6.978	4.010	9.926	7.506	8.899	6.702	8.826	3.595	6.613	9.210	4.600	7.117	3.646	8.810	6.167	9.059	6.299	1.655	5.591	0.289	9.183	5.471	6.965	9.766	8.746	5.356	6.203	6.717	6.756	3.614	10.517	9.972	2.805	2.696	2.230	5.275	9.986	6.699	9.945	9.166	6.177	5.036	6.211	4.021	8.467	7.612	6.039	9.122	6.985	1.856	10.293	9.519	7.920	8.072	10.696	8.525	8.387	3.600	8.250	5.304	4.544	3.229	11.882	5.824	5.735	5.354	9.412	5.585	0.682	]
[3.067	4.549	0.000	3.653	5.115	6.708	8.695	5.677	2.508	3.284	4.196	3.767	3.054	5.432	2.981	4.621	2.207	5.987	1.707	2.785	4.911	3.606	6.753	2.047	4.635	5.239	4.566	1.772	3.461	1.049	4.521	7.630	1.296	2.947	6.774	4.940	3.663	1.888	4.901	3.139	2.298	6.803	5.458	4.477	2.044	2.833	1.034	5.511	6.237	6.787	5.142	3.188	1.504	4.492	4.055	4.413	3.525	5.328	7.603	2.463	2.702	6.122	5.067	3.556	6.678	6.861	4.084	4.189	3.847	6.598	0.793	0.359	1.334	7.486	2.234	1.884	1.125	5.302	5.169	4.034	]
[5.765	0.907	3.653	0.000	5.402	8.150	12.051	9.329	2.668	0.421	7.030	6.280	3.294	9.049	6.619	7.999	5.821	8.063	2.824	5.821	8.372	3.936	6.696	2.934	7.991	5.609	8.182	5.396	1.021	4.690	0.878	8.607	4.618	6.074	8.995	7.880	4.641	5.297	6.044	5.995	2.798	9.669	9.066	2.525	1.799	1.603	4.369	9.079	6.245	9.155	8.284	5.351	4.229	5.533	3.487	7.580	6.720	5.512	8.551	6.099	0.984	9.403	8.652	7.015	7.499	9.836	7.619	7.490	3.059	7.641	4.401	3.639	2.327	10.978	5.042	4.842	4.493	8.608	5.088	0.470	]
[8.141	5.956	5.115	5.402	0.000	3.040	9.160	8.633	3.099	5.439	9.156	8.852	2.335	8.959	6.879	6.023	6.497	3.641	6.199	7.757	9.110	1.632	1.639	6.562	9.074	0.213	8.253	5.512	4.388	5.334	5.698	3.227	6.309	4.431	4.535	4.913	1.496	4.810	1.298	8.162	3.157	6.049	7.767	3.307	4.355	6.211	4.589	7.528	1.125	4.857	5.603	2.780	6.617	1.106	1.935	5.215	4.825	0.228	3.166	6.543	5.292	6.750	8.840	5.670	2.117	6.389	6.319	5.490	2.358	2.333	5.105	4.763	4.803	8.712	7.327	3.995	6.141	9.746	0.542	5.313	]
[9.332	8.816	6.708	8.150	3.040	0.000	7.085	8.048	5.554	8.099	10.064	10.026	4.861	8.685	7.253	5.205	7.210	1.482	8.204	8.806	9.287	4.221	3.043	8.581	9.447	2.836	8.201	6.260	7.180	6.440	8.579	1.262	7.588	4.578	1.933	3.712	3.530	5.523	2.107	9.248	5.501	3.890	6.964	6.311	6.755	8.626	5.823	6.607	2.992	2.345	4.373	3.529	8.126	2.618	4.864	4.399	4.566	3.063	1.291	7.116	7.820	5.213	8.749	5.435	1.341	4.303	5.888	4.848	5.256	0.900	6.340	6.361	6.944	7.102	8.630	4.964	7.449	10.050	3.552	8.146	]
[9.205	12.944	8.695	12.051	9.160	7.085	0.000	4.520	9.671	11.767	9.012	9.595	9.433	5.525	6.494	4.081	7.184	5.750	10.309	8.594	6.883	9.220	9.940	10.576	7.422	9.043	5.853	6.998	11.445	7.703	12.828	8.188	8.473	5.979	5.165	4.388	8.430	6.833	7.868	8.923	9.458	3.212	3.767	11.501	10.252	11.525	7.763	3.484	9.713	4.748	3.827	7.063	9.215	8.115	10.146	4.490	5.332	9.318	8.246	6.869	11.232	2.656	5.990	5.140	8.365	2.818	4.678	4.564	10.342	7.923	7.907	8.563	9.846	1.547	9.048	7.209	8.470	7.609	9.675	12.310	]
[5.028	10.225	5.677	9.329	8.633	8.048	4.520	0.000	7.616	8.957	4.588	5.277	7.744	1.012	2.750	2.844	3.569	6.600	6.927	4.480	2.367	7.884	9.994	7.089	2.924	8.618	1.463	3.968	9.053	4.646	10.197	9.309	4.909	4.225	6.674	4.342	7.337	4.298	7.593	4.715	7.370	5.096	1.149	9.711	7.656	8.333	5.103	1.565	9.583	6.360	3.727	5.873	5.560	7.551	8.725	3.668	3.816	8.851	9.333	3.263	8.372	3.370	1.474	2.966	8.921	4.788	2.317	3.260	8.734	8.575	4.946	5.720	7.007	2.973	5.115	5.062	4.980	3.093	9.004	9.705	]
[5.527	3.457	2.508	2.668	3.099	5.554	9.671	7.616	0.000	2.559	6.695	6.205	0.764	7.593	5.173	5.742	4.518	5.396	3.162	5.290	7.294	1.471	4.644	3.510	7.080	3.278	6.756	3.733	1.828	3.208	3.277	6.146	3.804	3.760	6.328	5.363	2.025	3.320	3.459	5.629	0.246	7.086	7.100	2.102	1.260	3.137	2.565	7.021	4.137	6.493	5.848	2.732	3.875	2.951	1.590	5.187	4.394	3.269	6.098	4.699	2.273	7.018	7.308	4.899	5.063	7.287	5.567	5.194	1.341	5.135	2.899	2.237	1.761	8.752	4.688	2.616	3.633	7.758	2.968	2.778	]
[5.344	1.269	3.284	0.421	5.439	8.099	11.767	8.957	2.559	0.000	6.609	5.861	3.241	8.658	6.236	7.702	5.433	7.937	2.403	5.402	7.962	3.913	6.799	2.517	7.576	5.641	7.791	5.041	1.160	4.329	1.285	8.615	4.213	5.800	8.859	7.645	4.573	4.979	5.996	5.574	2.657	9.454	8.722	2.750	1.540	1.217	4.045	8.746	6.332	9.002	8.024	5.172	3.812	5.484	3.559	7.313	6.443	5.564	8.561	5.716	0.586	9.126	8.254	6.700	7.512	9.607	7.291	7.203	3.136	7.630	4.046	3.293	1.974	10.665	4.622	4.567	4.092	8.191	5.161	0.888	]
[1.266	7.766	4.196	7.030	9.156	10.064	9.012	4.588	6.695	6.609	0.000	0.902	7.243	3.688	2.980	5.834	2.854	8.935	4.208	1.415	2.335	7.754	10.784	4.120	1.735	9.248	3.166	3.819	7.271	3.828	7.864	11.185	2.906	5.502	9.447	7.039	7.661	4.568	8.661	1.077	6.492	8.588	5.258	8.559	5.972	5.542	4.568	5.591	10.278	9.290	6.790	6.712	2.904	8.352	8.251	6.250	5.669	9.379	11.176	2.973	6.088	7.161	3.159	4.981	10.395	8.436	4.923	5.794	8.036	10.210	4.051	4.504	5.183	7.482	2.053	5.263	3.079	1.999	9.286	7.495	]
[0.713	6.978	3.767	6.280	8.852	10.026	9.595	5.277	6.205	5.861	0.902	0.000	6.810	4.440	3.278	6.170	2.923	8.993	3.482	1.236	3.143	7.372	10.490	3.347	2.553	8.961	3.820	3.785	6.600	3.622	7.093	11.093	2.547	5.543	9.580	7.245	7.372	4.507	8.478	0.794	6.020	8.898	5.828	7.965	5.365	4.749	4.323	6.127	9.977	9.459	7.079	6.573	2.332	8.128	7.787	6.480	5.807	9.069	11.078	3.126	5.365	7.579	3.908	5.223	10.240	8.785	5.278	6.050	7.537	10.091	3.789	4.105	4.590	8.089	1.533	5.105	2.712	2.889	8.932	6.748	]
[6.117	4.010	3.054	3.294	2.335	4.861	9.433	7.744	0.764	3.241	7.243	6.810	0.000	7.818	5.462	5.636	4.881	4.824	3.897	5.828	7.647	0.708	3.893	4.252	7.485	2.514	7.009	4.007	2.355	3.586	3.798	5.402	4.337	3.681	5.768	5.062	1.350	3.476	2.756	6.192	0.842	6.694	7.125	2.081	2.023	3.895	2.874	7.002	3.383	5.967	5.611	2.377	4.497	2.244	1.039	4.998	4.280	2.507	5.352	5.022	3.008	6.802	7.578	4.901	4.312	6.929	5.583	5.074	0.991	4.401	3.296	2.739	2.493	8.618	5.281	2.683	4.164	8.167	2.225	3.329	]
[4.281	9.926	5.432	9.049	8.959	8.685	5.525	1.012	7.593	8.658	3.688	4.440	7.818	0.000	2.457	3.524	3.231	7.277	6.486	3.790	1.390	8.046	10.404	6.601	1.974	8.967	0.867	3.861	8.881	4.459	9.926	9.937	4.483	4.534	7.445	5.031	7.583	4.345	8.014	3.959	7.347	5.986	2.058	9.693	7.465	7.921	5.029	2.476	9.966	7.158	4.481	6.179	5.058	7.911	8.834	4.291	4.247	9.183	9.955	2.970	8.072	4.289	0.532	3.351	9.458	5.705	2.804	3.838	8.793	9.141	4.773	5.537	6.761	3.979	4.499	5.163	4.583	2.084	9.286	9.452	]
[2.766	7.506	2.981	6.619	6.879	7.253	6.494	2.750	5.173	6.236	2.980	3.278	5.462	2.457	0.000	2.893	0.819	6.030	4.181	2.139	2.234	5.769	8.430	4.358	2.234	6.923	1.597	1.455	6.424	2.004	7.493	8.434	2.168	2.693	6.488	4.062	5.421	2.076	6.124	2.521	4.930	5.634	2.819	7.266	5.009	5.584	2.612	3.023	7.953	6.317	3.822	4.170	2.852	5.915	6.495	3.270	2.735	7.107	8.435	0.520	5.650	4.314	2.135	2.002	7.757	5.509	2.002	2.815	6.416	7.513	2.319	3.080	4.314	5.067	2.558	2.908	2.232	2.886	7.134	7.012	]
[5.629	8.899	4.621	7.999	6.023	5.205	4.081	2.844	5.742	7.702	5.834	6.170	5.636	3.524	2.893	0.000	3.377	3.766	6.263	5.002	4.363	5.584	7.262	6.549	4.682	5.976	3.189	2.974	7.453	3.653	8.798	6.465	4.534	1.982	3.935	1.510	4.900	2.752	4.879	5.404	5.514	2.755	1.800	7.711	6.203	7.447	3.682	1.510	6.885	3.672	0.999	3.408	5.279	4.918	6.495	0.841	1.357	6.228	6.489	3.101	7.159	1.528	3.672	1.089	6.096	2.615	0.914	0.564	6.606	5.739	3.839	4.482	5.768	3.011	5.273	3.178	4.503	5.172	6.453	8.281	]
[2.303	6.702	2.207	5.821	6.497	7.210	7.184	3.569	4.518	5.433	2.854	2.923	4.881	3.231	0.819	3.377	0.000	6.100	3.365	1.693	2.777	5.259	8.092	3.549	2.613	6.563	2.364	0.997	5.666	1.311	6.697	8.338	1.359	2.654	6.660	4.332	5.009	1.742	5.872	2.129	4.280	6.036	3.586	6.588	4.249	4.765	2.009	3.751	7.599	6.537	4.217	3.907	2.065	5.605	5.920	3.582	2.885	6.724	8.331	0.323	4.847	4.871	2.860	2.351	7.576	5.960	2.558	3.174	5.803	7.373	1.620	2.347	3.531	5.800	1.900	2.508	1.414	3.294	6.700	6.222	]
[8.323	8.826	5.987	8.063	3.641	1.482	5.750	6.600	5.396	7.937	8.935	8.993	4.824	7.277	6.030	3.766	6.100	0.000	7.610	7.758	7.962	4.314	4.195	7.979	8.169	3.481	6.842	5.212	7.172	5.521	8.620	2.737	6.677	3.451	0.948	2.259	3.501	4.517	2.382	8.201	5.280	2.540	5.501	6.613	6.469	8.261	5.007	5.137	4.000	1.219	2.900	2.872	7.292	2.794	5.135	2.989	3.296	3.751	2.770	5.962	7.567	3.739	7.374	4.116	2.637	2.933	4.503	3.455	5.463	2.207	5.483	5.667	6.489	5.651	7.687	4.124	6.558	8.744	4.183	8.144	]
[2.942	3.595	1.707	2.824	6.199	8.204	10.309	6.927	3.162	2.403	4.208	3.482	3.897	6.486	4.181	6.263	3.365	7.610	0.000	3.018	5.652	4.575	7.788	0.377	5.226	6.359	5.634	3.311	3.135	2.610	3.670	9.021	2.020	4.654	8.431	6.647	4.887	3.574	6.260	3.172	3.056	8.509	6.901	4.585	2.044	1.442	2.740	7.011	7.276	8.464	6.834	4.755	1.459	5.798	4.713	6.107	5.223	6.387	8.985	3.680	1.884	7.780	6.039	5.180	8.001	8.564	5.644	5.860	4.381	7.984	2.440	1.971	1.404	9.033	2.229	3.567	1.950	5.819	6.121	3.287	]
[0.628	6.613	2.785	5.821	7.757	8.806	8.594	4.480	5.290	5.402	1.415	1.236	5.828	3.790	2.139	5.002	1.693	7.758	3.018	0.000	2.719	6.340	9.389	3.017	2.234	7.854	3.031	2.554	5.963	2.450	6.680	9.889	1.492	4.308	8.345	6.024	6.264	3.283	7.309	0.444	5.083	7.706	4.854	7.189	4.621	4.433	3.178	5.110	8.880	8.228	5.885	5.380	1.597	6.980	6.839	5.268	4.577	7.979	9.876	1.917	4.851	6.450	3.282	4.020	9.059	7.610	4.131	4.848	6.630	8.896	2.653	3.089	3.831	7.126	0.795	3.917	1.664	2.803	7.876	6.274	]
[3.103	9.210	4.911	8.372	9.110	9.287	6.883	2.367	7.294	7.962	2.335	3.143	7.647	1.390	2.234	4.363	2.777	7.962	5.652	2.719	0.000	7.989	10.650	5.702	0.600	9.151	1.186	3.660	8.351	4.087	9.247	10.507	3.761	4.832	8.269	5.801	7.655	4.310	8.318	2.781	7.056	7.024	3.257	9.355	6.942	7.091	4.774	3.649	10.178	8.029	5.360	6.382	4.193	8.133	8.685	5.009	4.725	9.338	10.515	2.628	7.388	5.404	0.893	3.855	9.902	6.789	3.499	4.531	8.578	9.630	4.395	5.098	6.183	5.336	3.496	5.140	3.897	0.813	9.368	8.804	]
[6.669	4.600	3.606	3.936	1.632	4.221	9.220	7.884	1.471	3.913	7.754	7.372	0.708	8.046	5.769	5.584	5.259	4.314	4.575	6.340	7.989	0.000	3.216	4.936	7.872	1.807	7.267	4.329	2.959	4.002	4.370	4.708	4.858	3.704	5.263	4.833	0.830	3.717	2.118	6.722	1.526	6.351	7.177	2.339	2.731	4.601	3.262	7.014	2.702	5.494	5.435	2.194	5.085	1.611	0.927	4.879	4.251	1.813	4.657	5.364	3.706	6.631	7.846	4.964	3.613	6.618	5.647	5.021	1.165	3.717	3.734	3.269	3.176	8.510	5.840	2.887	4.686	8.553	1.573	3.927	]
[9.779	7.117	6.753	6.696	1.639	3.043	9.940	9.994	4.644	6.799	10.784	10.490	3.893	10.404	8.430	7.262	8.092	4.195	7.788	9.389	10.650	3.216	0.000	8.145	10.645	1.536	9.740	7.100	5.678	6.958	6.839	2.552	7.946	5.878	4.914	5.975	3.125	6.380	2.401	9.796	4.733	6.735	9.051	4.323	5.875	7.683	6.216	8.770	0.517	5.304	6.685	4.269	8.253	2.517	3.247	6.426	6.185	1.425	2.474	8.120	6.733	7.747	10.325	7.067	1.712	7.122	7.681	6.766	3.665	2.143	6.736	6.402	6.386	9.714	8.966	5.584	7.778	11.311	1.680	6.526	]
[2.863	3.646	2.047	2.934	6.562	8.581	10.576	7.089	3.510	2.517	4.120	3.347	4.252	6.601	4.358	6.549	3.549	7.979	0.377	3.017	5.702	4.936	8.145	0.000	5.248	6.724	5.760	3.582	3.351	2.898	3.749	9.397	2.191	4.986	8.795	6.980	5.261	3.890	6.636	3.119	3.413	8.840	7.116	4.848	2.356	1.427	3.081	7.244	7.634	8.822	7.148	5.128	1.543	6.173	5.045	6.423	5.543	6.748	9.361	3.869	2.048	8.071	6.139	5.462	8.375	8.886	5.902	6.162	4.703	8.361	2.751	2.328	1.760	9.276	2.222	3.921	2.147	5.817	6.475	3.404	]
[2.559	8.810	4.635	7.991	9.074	9.447	7.422	2.924	7.080	7.576	1.735	2.553	7.485	1.974	2.234	4.682	2.613	8.169	5.226	2.234	0.600	7.872	10.645	5.248	0.000	9.128	1.611	3.568	8.030	3.899	8.861	10.646	3.419	4.917	8.535	6.066	7.598	4.266	8.355	2.241	6.849	7.394	3.740	9.109	6.636	6.656	4.619	4.115	10.162	8.317	5.678	6.397	3.774	8.135	8.524	5.265	4.888	9.302	10.649	2.532	7.010	5.823	1.457	4.056	9.988	7.183	3.787	4.787	8.389	9.738	4.196	4.855	5.862	5.878	3.027	5.080	3.569	0.682	9.300	8.433	]
[8.250	6.167	5.239	5.609	0.213	2.836	9.043	8.618	3.278	5.641	9.248	8.961	2.514	8.967	6.923	5.976	6.563	3.481	6.359	7.854	9.151	1.807	1.536	6.724	9.128	0.000	8.274	5.574	4.595	5.422	5.910	3.016	6.416	4.434	4.363	4.829	1.591	4.862	1.176	8.263	3.327	5.914	7.733	3.520	4.536	6.399	4.680	7.484	1.036	4.693	5.524	2.792	6.742	1.067	2.146	5.160	4.804	0.276	2.955	6.599	5.485	6.660	8.860	5.661	1.905	6.261	6.302	5.450	2.569	2.120	5.201	4.885	4.967	8.626	7.441	4.056	6.249	9.798	0.724	5.523	]
[3.568	9.059	4.566	8.182	8.253	8.201	5.853	1.463	6.756	7.791	3.166	3.820	7.009	0.867	1.597	3.189	2.364	6.842	5.634	3.031	1.186	7.267	9.740	5.760	1.611	8.274	0.000	3.023	8.018	3.602	9.059	9.436	3.624	3.865	7.111	4.648	6.844	3.552	7.370	3.253	6.511	5.838	2.132	8.854	6.602	7.065	4.191	2.504	9.287	6.860	4.184	5.483	4.217	7.230	8.033	3.866	3.667	8.479	9.448	2.106	7.206	4.228	0.587	2.775	8.886	5.606	2.347	3.391	7.976	8.592	3.916	4.677	5.894	4.319	3.699	4.381	3.721	1.999	8.555	8.585	]
[3.111	6.299	1.772	5.396	5.512	6.260	6.998	3.968	3.733	5.041	3.819	3.785	4.007	3.861	1.455	2.974	0.997	5.212	3.311	2.554	3.660	4.329	7.100	3.582	3.568	5.574	3.023	0.000	5.086	0.726	6.253	7.366	1.608	1.772	5.835	3.632	4.031	0.750	4.875	2.997	3.488	5.434	3.687	5.833	3.690	4.581	1.169	3.743	6.610	5.750	3.656	2.911	2.337	4.608	5.040	2.957	2.143	5.740	7.357	1.039	4.463	4.501	3.581	1.885	6.585	5.419	2.338	2.629	4.962	6.391	0.995	1.761	3.070	5.737	2.517	1.518	1.550	4.245	5.733	5.754	]
[6.013	1.655	3.461	1.021	4.388	7.180	11.445	9.053	1.828	1.160	7.271	6.600	2.355	8.881	6.424	7.453	5.666	7.172	3.135	5.963	8.351	2.959	5.678	3.351	8.030	4.595	8.018	5.086	0.000	4.429	1.454	7.600	4.611	5.483	8.113	7.176	3.702	4.853	5.076	6.202	2.009	8.913	8.672	1.603	1.417	2.279	3.966	8.640	5.224	8.297	7.635	4.560	4.377	4.567	2.467	6.955	6.128	4.494	7.543	5.912	1.342	8.789	8.526	6.533	6.491	9.109	7.173	6.920	2.039	6.644	4.119	3.348	2.169	10.460	5.226	4.276	4.463	8.678	4.067	0.975	]
[2.914	5.591	1.049	4.690	5.334	6.440	7.703	4.646	3.208	4.329	3.828	3.622	3.586	4.459	2.004	3.653	1.311	5.521	2.610	2.450	4.087	4.002	6.958	2.898	3.899	5.422	3.602	0.726	4.429	0.000	5.554	7.478	1.157	2.197	6.221	4.162	3.838	1.055	4.862	2.875	2.969	6.002	4.410	5.283	3.019	3.856	0.748	4.469	6.453	6.178	4.267	2.953	1.799	4.531	4.625	3.549	2.687	5.559	7.461	1.505	3.748	5.174	4.131	2.570	6.619	6.019	3.057	3.266	4.496	6.471	0.315	1.081	2.364	6.459	2.190	1.486	1.038	4.581	5.491	5.059	]
[6.602	0.289	4.521	0.878	5.698	8.579	12.828	10.197	3.277	1.285	7.864	7.093	3.798	9.926	7.493	8.798	6.697	8.620	3.670	6.680	9.247	4.370	6.839	3.749	8.861	5.910	9.059	6.253	1.454	5.554	0.000	8.925	5.495	6.850	9.563	8.600	5.138	6.124	6.485	6.840	3.446	10.355	9.913	2.523	2.604	2.355	5.203	9.914	6.425	9.750	9.036	6.006	5.093	5.981	3.764	8.344	7.497	5.777	8.864	6.973	1.861	10.174	9.529	7.835	7.815	10.543	8.450	8.278	3.347	8.000	5.261	4.493	3.191	11.791	5.896	5.625	5.371	9.473	5.318	0.517	]
[10.390	9.183	7.630	8.607	3.227	1.262	8.188	9.309	6.146	8.615	11.185	11.093	5.402	9.937	8.434	6.465	8.338	2.737	9.021	9.889	10.507	4.708	2.552	9.397	10.646	3.016	9.436	7.366	7.600	7.478	8.925	0.000	8.606	5.744	3.037	4.974	4.167	6.619	2.761	10.328	6.139	5.039	8.226	6.506	7.394	9.279	6.817	7.868	2.720	3.453	5.633	4.526	9.094	3.235	5.162	5.656	5.783	3.160	0.079	8.266	8.409	6.447	9.990	6.664	1.111	5.459	7.136	6.100	5.583	1.037	7.346	7.275	7.693	8.306	9.655	5.991	8.458	11.260	3.639	8.537	]
[1.834	5.471	1.296	4.618	6.309	7.588	8.473	4.909	3.804	4.213	2.906	2.547	4.337	4.483	2.168	4.534	1.359	6.677	2.020	1.492	3.761	4.858	7.946	2.191	3.419	6.416	3.624	1.608	4.611	1.157	5.495	8.606	0.000	3.314	7.365	5.234	4.826	2.181	5.949	1.864	3.594	7.042	4.936	5.744	3.222	3.442	1.793	5.082	7.434	7.308	5.261	4.081	0.746	5.586	5.347	4.565	3.744	6.528	8.586	1.680	3.633	6.059	4.054	3.452	7.719	7.024	3.801	4.227	5.144	7.591	1.261	1.599	2.444	7.126	1.051	2.624	0.173	4.070	6.405	5.045	]
[4.879	6.965	2.947	6.074	4.431	4.578	5.979	4.225	3.760	5.800	5.502	5.543	3.681	4.534	2.693	1.982	2.654	3.451	4.654	4.308	4.832	3.704	5.878	4.986	4.917	4.434	3.865	1.772	5.483	2.197	6.850	5.744	3.314	0.000	4.066	1.994	3.113	1.142	3.505	4.751	3.532	3.856	3.473	5.746	4.276	5.678	1.920	3.324	5.433	3.994	2.239	1.654	3.994	3.378	4.588	1.517	0.647	4.654	5.744	2.540	5.280	3.329	4.449	1.267	5.075	3.920	1.946	1.438	4.663	4.822	2.255	2.724	3.923	4.993	4.280	1.233	3.219	5.550	4.783	6.333	]
[8.932	9.766	6.774	8.995	4.535	1.933	5.165	6.674	6.328	8.859	9.447	9.580	5.768	7.445	6.488	3.935	6.660	0.948	8.431	8.345	8.269	5.263	4.914	8.795	8.535	4.363	7.111	5.835	8.113	6.221	9.563	3.037	7.365	4.066	0.000	2.471	4.449	5.184	3.304	8.785	6.205	2.004	5.536	7.559	7.377	9.145	5.768	5.140	4.783	0.417	2.964	3.743	8.014	3.734	6.079	3.270	3.782	4.628	3.091	6.487	8.476	3.524	7.606	4.503	3.252	2.425	4.771	3.748	6.411	2.806	6.216	6.469	7.360	5.299	8.345	4.893	7.258	9.071	5.077	9.085	]
[6.633	8.746	4.940	7.880	4.913	3.712	4.388	4.342	5.363	7.645	7.039	7.245	5.062	5.031	4.062	1.510	4.332	2.259	6.647	6.024	5.801	4.833	5.975	6.980	6.066	4.829	4.648	3.632	7.176	4.162	8.600	4.974	5.234	1.994	2.471	0.000	4.048	3.114	3.670	6.455	5.167	1.863	3.253	7.120	6.105	7.631	3.910	2.904	5.646	2.261	0.710	2.686	5.942	3.823	5.759	0.802	1.490	5.097	5.000	4.121	7.159	1.841	5.157	2.060	4.677	1.964	2.303	1.279	5.956	4.297	4.244	4.705	5.849	3.799	6.132	3.145	5.157	6.600	5.397	8.087	]
[6.660	5.356	3.663	4.641	1.496	3.530	8.430	7.337	2.025	4.573	7.661	7.372	1.350	7.583	5.421	4.900	5.009	3.501	4.887	6.264	7.655	0.830	3.125	5.261	7.598	1.591	6.844	4.031	3.702	3.838	5.138	4.167	4.826	3.113	4.449	4.048	0.000	3.346	1.438	6.672	1.985	5.527	6.558	3.169	3.244	5.127	3.093	6.365	2.617	4.670	4.673	1.496	5.167	0.936	1.731	4.156	3.601	1.722	4.125	5.066	4.295	5.866	7.429	4.379	3.118	5.800	5.052	4.341	1.996	3.140	3.612	3.307	3.533	7.772	5.853	2.519	4.659	8.273	1.715	4.676	]
[3.821	6.203	1.888	5.297	4.810	5.523	6.833	4.298	3.320	4.979	4.568	4.507	3.476	4.345	2.076	2.752	1.742	4.517	3.574	3.283	4.310	3.717	6.380	3.890	4.266	4.862	3.552	0.750	4.853	1.055	6.124	6.619	2.181	1.142	5.184	3.114	3.346	0.000	4.131	3.726	3.074	4.963	3.821	5.413	3.520	4.699	0.936	3.794	5.896	5.129	3.260	2.165	2.852	3.877	4.488	2.534	1.654	5.038	6.609	1.740	4.424	4.239	4.130	1.721	5.836	4.996	2.327	2.302	4.458	5.642	1.139	1.731	3.025	5.686	3.172	0.835	2.080	4.937	5.058	5.611	]
[7.767	6.717	4.901	6.044	1.298	2.107	7.868	7.593	3.459	5.996	8.661	8.478	2.756	8.014	6.124	4.879	5.872	2.382	6.260	7.309	8.318	2.118	2.401	6.636	8.355	1.176	7.370	4.875	5.076	4.862	6.485	2.761	5.949	3.505	3.304	3.670	1.438	4.131	0.000	7.737	3.423	4.752	6.660	4.298	4.681	6.563	4.158	6.389	2.006	3.601	4.371	1.967	6.386	0.511	2.823	4.049	3.785	1.451	2.725	5.860	5.731	5.493	7.952	4.670	1.777	5.092	5.280	4.372	3.192	1.725	4.692	4.543	4.938	7.462	6.998	3.398	5.793	9.009	1.829	6.045	]
[0.324	6.756	3.139	5.995	8.162	9.248	8.923	4.715	5.629	5.574	1.077	0.794	6.192	3.959	2.521	5.404	2.129	8.201	3.172	0.444	2.781	6.722	9.796	3.119	2.241	8.263	3.253	2.997	6.202	2.875	6.840	10.328	1.864	4.751	8.785	6.455	6.672	3.726	7.737	0.000	5.429	8.121	5.167	7.482	4.895	4.546	3.595	5.442	9.286	8.665	6.301	5.815	1.829	7.402	7.192	5.693	5.013	8.382	10.314	2.339	5.040	6.835	3.436	4.440	9.492	8.016	4.522	5.267	6.969	9.332	3.066	3.458	4.106	7.438	0.978	4.350	2.036	2.735	8.268	6.455	]
[5.335	3.614	2.298	2.798	3.157	5.501	9.458	7.370	0.246	2.657	6.492	6.020	0.842	7.347	4.930	5.514	4.280	5.280	3.056	5.083	7.056	1.526	4.733	3.413	6.849	3.327	6.511	3.488	2.009	2.969	3.446	6.139	3.594	3.532	6.205	5.167	1.985	3.074	3.423	5.429	0.000	6.909	6.858	2.348	1.259	3.143	2.320	6.782	4.221	6.358	5.639	2.563	3.694	2.921	1.767	4.971	4.169	3.338	6.094	4.457	2.322	6.804	7.064	4.660	5.069	7.101	5.326	4.968	1.553	5.120	2.662	2.014	1.653	8.525	4.497	2.377	3.422	7.527	3.067	2.941	]
[8.328	10.517	6.803	9.669	6.049	3.890	3.212	5.096	7.086	9.454	8.588	8.898	6.694	5.986	5.634	2.755	6.036	2.540	8.509	7.706	7.024	6.351	6.735	8.840	7.394	5.914	5.838	5.434	8.913	6.002	10.355	5.039	7.042	3.856	2.004	1.863	5.527	4.963	4.752	8.121	6.909	0.000	3.951	8.687	7.915	9.485	5.773	3.532	6.524	1.592	1.821	4.355	7.765	5.060	7.255	2.479	3.316	6.189	5.091	5.789	8.984	1.737	6.250	3.687	5.154	0.421	3.668	2.862	7.511	4.714	6.099	6.568	7.697	3.317	7.894	5.001	6.977	7.836	6.579	9.848	]
[5.456	9.972	5.458	9.066	7.767	6.964	3.767	1.149	7.100	8.722	5.258	5.828	7.125	2.058	2.819	1.800	3.586	5.501	6.901	4.854	3.257	7.177	9.051	7.116	3.740	7.733	2.132	3.687	8.672	4.410	9.913	8.226	4.936	3.473	5.536	3.253	6.558	3.821	6.660	5.167	6.858	3.951	0.000	9.158	7.320	8.242	4.716	0.420	8.663	5.216	2.607	5.066	5.650	6.668	8.058	2.640	2.961	7.978	8.253	3.262	8.147	2.236	2.399	2.225	7.892	3.654	1.542	2.288	8.115	7.530	4.678	5.429	6.748	2.273	5.367	4.486	4.969	4.045	8.174	9.406	]
[7.332	2.805	4.477	2.525	3.307	6.311	11.501	9.711	2.102	2.750	8.559	7.965	2.081	9.693	7.266	7.711	6.588	6.613	4.585	7.189	9.355	2.339	4.323	4.848	9.109	3.520	8.854	5.833	1.603	5.283	2.523	6.506	5.744	5.746	7.559	7.120	3.169	5.413	4.298	7.482	2.348	8.687	9.158	0.000	2.600	3.877	4.664	9.055	3.924	7.810	7.685	4.438	5.661	3.832	1.480	7.078	6.355	3.349	6.441	6.784	2.922	8.878	9.402	6.941	5.406	8.946	7.618	7.151	1.176	5.640	4.969	4.259	3.380	10.699	6.510	4.676	5.580	9.779	2.868	2.260	]
[4.735	2.696	2.044	1.799	4.355	6.755	10.252	7.656	1.260	1.540	5.972	5.365	2.023	7.465	5.009	6.203	4.249	6.469	2.044	4.621	6.942	2.731	5.875	2.356	6.636	4.536	6.602	3.690	1.417	3.019	2.604	7.394	3.222	4.276	7.377	6.105	3.244	3.520	4.681	4.895	1.259	7.915	7.320	2.600	0.000	1.885	2.605	7.313	5.374	7.502	6.491	3.658	3.068	4.180	2.703	5.784	4.921	4.519	7.348	4.496	1.099	7.605	7.109	5.231	6.318	8.067	5.847	5.692	2.349	6.377	2.712	1.938	0.790	9.189	3.919	3.043	3.068	7.291	4.196	2.091	]
[4.289	2.230	2.833	1.603	6.211	8.626	11.525	8.333	3.137	1.217	5.542	4.749	3.895	7.921	5.584	7.447	4.765	8.261	1.442	4.433	7.091	4.601	7.683	1.427	6.656	6.399	7.065	4.581	2.279	3.856	2.355	9.279	3.442	5.678	9.145	7.631	5.127	4.699	6.563	4.546	3.143	9.485	8.242	3.877	1.885	0.000	3.783	8.322	7.193	9.235	7.911	5.401	2.900	6.063	4.448	7.184	6.294	6.365	9.232	5.073	0.974	8.936	7.479	6.388	8.200	9.587	6.911	6.997	4.047	8.262	3.625	2.973	1.799	10.314	3.639	4.486	3.357	7.236	6.010	2.068	]
[3.611	5.275	1.034	4.369	4.589	5.823	7.763	5.103	2.565	4.045	4.568	4.323	2.874	5.029	2.612	3.682	2.009	5.007	2.740	3.178	4.774	3.262	6.216	3.081	4.619	4.680	4.191	1.169	3.966	0.748	5.203	6.817	1.793	1.920	5.768	3.910	3.093	0.936	4.158	3.595	2.320	5.773	4.716	4.664	2.605	3.783	0.000	4.712	5.710	5.767	4.136	2.299	2.307	3.807	3.913	3.407	2.516	4.813	6.796	2.152	3.489	5.155	4.745	2.657	5.926	5.840	3.250	3.216	3.810	5.799	0.534	0.811	2.089	6.621	2.844	0.883	1.642	5.301	4.743	4.693	]
[5.722	9.986	5.511	9.079	7.528	6.607	3.484	1.565	7.021	8.746	5.591	6.127	7.002	2.476	3.023	1.510	3.751	5.137	7.011	5.110	3.649	7.014	8.770	7.244	4.115	7.484	2.504	3.743	8.640	4.469	9.914	7.868	5.082	3.324	5.140	2.904	6.365	3.794	6.389	5.442	6.782	3.532	0.420	9.055	7.313	8.322	4.712	0.000	8.395	4.813	2.237	4.870	5.811	6.424	7.909	2.344	2.768	7.735	7.898	3.430	8.178	1.815	2.803	2.122	7.568	3.234	1.468	2.040	7.987	7.197	4.722	5.455	6.774	2.049	5.582	4.405	5.102	4.444	7.950	9.403	]
[9.266	6.699	6.237	6.245	1.125	2.992	9.713	9.583	4.137	6.332	10.278	9.977	3.383	9.966	7.953	6.885	7.599	4.000	7.276	8.880	10.178	2.702	0.517	7.634	10.162	1.036	9.287	6.610	5.224	6.453	6.425	2.720	7.434	5.433	4.783	5.646	2.617	5.896	2.006	9.286	4.221	6.524	8.663	3.924	5.374	7.193	5.710	8.395	0.000	5.156	6.353	3.806	7.737	2.057	2.774	6.054	5.767	0.909	2.646	7.634	6.249	7.446	9.873	6.640	1.732	6.899	7.266	6.375	3.197	2.116	6.228	5.886	5.874	9.417	8.452	5.092	7.266	10.831	1.183	6.094	]
[8.825	9.945	6.787	9.155	4.857	2.345	4.748	6.360	6.493	9.002	9.290	9.459	5.967	7.158	6.317	3.672	6.537	1.219	8.464	8.228	8.029	5.494	5.304	8.822	8.317	4.693	6.860	5.750	8.297	6.178	9.750	3.453	7.308	3.994	0.417	2.261	4.670	5.129	3.601	8.665	6.358	1.592	5.216	7.810	7.502	9.235	5.767	4.813	5.156	0.000	2.684	3.846	7.976	4.006	6.335	3.062	3.652	4.962	3.507	6.348	8.599	3.154	7.341	4.318	3.656	2.013	4.535	3.536	6.651	3.210	6.193	6.494	7.442	4.896	8.267	4.903	7.209	8.835	5.399	9.264	]
[6.508	9.166	5.142	8.284	5.603	4.373	3.827	3.727	5.848	8.024	6.790	7.079	5.611	4.481	3.822	0.999	4.217	2.900	6.834	5.885	5.360	5.435	6.685	7.148	5.678	5.524	4.184	3.656	7.635	4.267	9.036	5.633	5.261	2.239	2.964	0.710	4.673	3.260	4.371	6.301	5.639	1.821	2.607	7.685	6.491	7.911	4.136	2.237	6.353	2.684	0.000	3.253	5.993	4.506	6.362	0.729	1.620	5.790	5.663	3.968	7.513	1.196	4.657	1.867	5.377	1.763	1.897	1.045	6.535	4.990	4.397	4.946	6.161	3.118	6.084	3.463	5.206	6.170	6.078	8.520	]
[5.867	6.177	3.188	5.351	2.780	3.529	7.063	5.873	2.732	5.172	6.712	6.573	2.377	6.179	4.170	3.408	3.907	2.872	4.755	5.380	6.382	2.194	4.269	5.128	6.397	2.792	5.483	2.911	4.560	2.953	6.006	4.526	4.081	1.654	3.743	2.686	1.496	2.165	1.967	5.815	2.563	4.355	5.066	4.438	3.658	5.401	2.299	4.870	3.806	3.846	3.253	0.000	4.598	1.752	3.117	2.685	2.107	3.004	4.508	3.893	4.754	4.449	6.069	2.907	3.683	4.568	3.572	2.848	3.282	3.519	2.824	2.849	3.620	6.316	5.130	1.467	3.936	7.056	3.131	5.503	]
[1.672	5.036	1.504	4.229	6.617	8.126	9.215	5.560	3.875	3.812	2.904	2.332	4.497	5.058	2.852	5.279	2.065	7.292	1.459	1.597	4.193	5.085	8.253	1.543	3.774	6.742	4.217	2.337	4.377	1.799	5.093	9.094	0.746	3.994	8.014	5.942	5.167	2.852	6.386	1.829	3.694	7.765	5.650	5.661	3.068	2.900	2.307	5.811	7.737	7.976	5.993	4.598	0.000	5.988	5.460	5.292	4.456	6.828	9.070	2.388	3.256	6.804	4.598	4.196	8.163	7.755	4.545	4.963	5.205	8.067	1.809	1.861	2.282	7.857	0.852	3.182	0.788	4.380	6.656	4.680	]
[7.415	6.211	4.492	5.533	1.106	2.618	8.115	7.551	2.951	5.484	8.352	8.128	2.244	7.911	5.915	4.918	5.605	2.794	5.798	6.980	8.133	1.611	2.517	6.173	8.135	1.067	7.230	4.608	4.567	4.531	5.981	3.235	5.586	3.378	3.734	3.823	0.936	3.877	0.511	7.402	2.921	5.060	6.668	3.832	4.180	6.063	3.807	6.424	2.057	4.006	4.506	1.752	5.988	0.000	2.352	4.109	3.736	1.311	3.195	5.617	5.224	5.663	7.816	4.596	2.205	5.378	5.235	4.387	2.706	2.205	4.340	4.133	4.459	7.620	6.630	3.102	5.426	8.799	1.574	5.537	]
[7.102	4.021	4.055	3.487	1.935	4.864	10.146	8.725	1.590	3.559	8.251	7.787	1.039	8.834	6.495	6.495	5.920	5.135	4.713	6.839	8.685	0.927	3.247	5.045	8.524	2.146	8.033	5.040	2.467	4.625	3.764	5.162	5.347	4.588	6.079	5.759	1.731	4.488	2.823	7.192	1.767	7.255	8.058	1.480	2.703	4.448	3.913	7.909	2.774	6.335	6.362	3.117	5.460	2.352	0.000	5.801	5.153	2.029	5.101	6.059	3.489	7.558	8.605	5.836	4.051	7.531	6.521	5.931	0.428	4.241	4.333	3.754	3.327	9.433	6.264	3.678	5.175	9.205	1.603	3.379	]
[5.883	8.467	4.413	7.580	5.215	4.399	4.490	3.668	5.187	7.313	6.250	6.480	4.998	4.291	3.270	0.841	3.582	2.989	6.107	5.268	5.009	4.879	6.426	6.423	5.265	5.160	3.866	2.957	6.955	3.549	8.344	5.656	4.565	1.517	3.270	0.802	4.156	2.534	4.049	5.693	4.971	2.479	2.640	7.078	5.784	7.184	3.407	2.344	6.054	3.062	0.729	2.685	5.292	4.109	5.801	0.000	0.891	5.416	5.677	3.355	6.796	1.834	4.387	1.269	5.259	2.470	1.519	0.479	5.945	4.907	3.672	4.217	5.438	3.632	5.420	2.747	4.504	5.805	5.659	7.826	]
[5.176	7.612	3.525	6.720	4.825	4.566	5.332	3.816	4.394	6.443	5.669	5.807	4.280	4.247	2.735	1.357	2.885	3.296	5.223	4.577	4.725	4.251	6.185	5.543	4.888	4.804	3.667	2.143	6.128	2.687	7.497	5.783	3.744	0.647	3.782	1.490	3.601	1.654	3.785	5.013	4.169	3.316	2.961	6.355	4.921	6.294	2.516	2.768	5.767	3.652	1.620	2.107	4.456	3.736	5.153	0.891	0.000	5.040	5.791	2.705	5.919	2.684	4.234	0.899	5.223	3.343	1.499	0.800	5.253	4.925	2.793	3.326	4.553	4.359	4.649	1.878	3.670	5.485	5.217	6.980	]
[8.359	6.039	5.328	5.512	0.228	3.063	9.318	8.851	3.269	5.564	9.379	9.069	2.507	9.183	7.107	6.228	6.724	3.751	6.387	7.979	9.338	1.813	1.425	6.748	9.302	0.276	8.479	5.740	4.494	5.559	5.777	3.160	6.528	4.654	4.628	5.097	1.722	5.038	1.451	8.382	3.338	6.189	7.978	3.349	4.519	6.365	4.813	7.735	0.909	4.962	5.790	3.004	6.828	1.311	2.029	5.416	5.040	0.000	3.095	6.771	5.436	6.930	9.066	5.889	2.057	6.536	6.536	5.698	2.456	2.311	5.328	4.977	4.988	8.895	7.544	4.223	6.359	9.974	0.494	5.406	]
[10.374	9.122	7.603	8.551	3.166	1.291	8.246	9.333	6.098	8.561	11.176	11.078	5.352	9.955	8.435	6.489	8.331	2.770	8.985	9.876	10.515	4.657	2.474	9.361	10.649	2.955	9.448	7.357	7.543	7.461	8.864	0.079	8.586	5.744	3.091	5.000	4.125	6.609	2.725	10.314	6.094	5.091	8.253	6.441	7.348	9.232	6.796	7.898	2.646	3.507	5.663	4.508	9.070	3.195	5.101	5.677	5.791	3.095	0.000	8.262	8.360	6.487	10.003	6.674	1.052	5.510	7.152	6.118	5.523	1.006	7.326	7.247	7.654	8.352	9.636	5.975	8.438	11.265	3.573	8.477	]
[2.539	6.985	2.463	6.099	6.543	7.116	6.869	3.263	4.699	5.716	2.973	3.126	5.022	2.970	0.520	3.101	0.323	5.962	3.680	1.917	2.628	5.364	8.120	3.869	2.532	6.599	2.106	1.039	5.912	1.505	6.973	8.266	1.680	2.540	6.487	4.121	5.066	1.740	5.860	2.339	4.457	5.789	3.262	6.784	4.496	5.073	2.152	3.430	7.634	6.348	3.968	3.893	2.388	5.617	6.059	3.355	2.705	6.771	8.262	0.000	5.130	4.582	2.627	2.104	7.537	5.699	2.261	2.931	5.962	7.317	1.820	2.573	3.795	5.479	2.197	2.548	1.730	3.207	6.771	6.493	]
[4.822	1.856	2.702	0.984	5.292	7.820	11.232	8.372	2.273	0.586	6.088	5.365	3.008	8.072	5.650	7.159	4.847	7.567	1.884	4.851	7.388	3.706	6.733	2.048	7.010	5.485	7.206	4.463	1.342	3.748	1.861	8.409	3.633	5.280	8.476	7.159	4.295	4.424	5.731	5.040	2.322	8.984	8.147	2.922	1.099	0.974	3.489	8.178	6.249	8.599	7.513	4.754	3.256	5.224	3.489	6.796	5.919	5.436	8.360	5.130	0.000	8.599	7.671	6.145	7.319	9.123	6.727	6.669	3.083	7.405	3.469	2.723	1.404	10.110	4.079	4.050	3.510	7.631	5.066	1.425	]
[7.078	10.293	6.122	9.403	6.750	5.213	2.656	3.370	7.018	9.126	7.161	7.579	6.802	4.289	4.314	1.528	4.871	3.739	7.780	6.450	5.404	6.631	7.747	8.071	5.823	6.660	4.228	4.501	8.789	5.174	10.174	6.447	6.059	3.329	3.524	1.841	5.866	4.239	5.493	6.835	6.804	1.737	2.236	8.878	7.605	8.936	5.155	1.815	7.446	3.154	1.196	4.449	6.804	5.663	7.558	1.834	2.684	6.930	6.487	4.582	8.599	0.000	4.590	2.616	6.338	1.419	2.323	1.939	7.730	5.926	5.348	5.964	7.224	1.971	6.771	4.561	6.030	6.212	7.237	9.656	]
[3.759	9.519	5.067	8.652	8.840	8.749	5.990	1.474	7.308	8.254	3.159	3.908	7.578	0.532	2.135	3.672	2.860	7.374	6.039	3.282	0.893	7.846	10.325	6.139	1.457	8.860	0.587	3.581	8.526	4.131	9.529	9.990	4.054	4.449	7.606	5.157	7.429	4.130	7.952	3.436	7.064	6.250	2.399	9.402	7.109	7.479	4.745	2.803	9.873	7.341	4.657	6.069	4.598	7.816	8.605	4.387	4.234	9.066	10.003	2.627	7.671	4.590	0.000	3.338	9.457	5.993	2.871	3.918	8.541	9.157	4.446	5.197	6.385	4.443	4.006	4.961	4.165	1.650	9.141	9.064	]
[4.642	7.920	3.556	7.015	5.670	5.435	5.140	2.966	4.899	6.700	4.981	5.223	4.901	3.351	2.002	1.089	2.351	4.116	5.180	4.020	3.855	4.964	7.067	5.462	4.056	5.661	2.775	1.885	6.533	2.570	7.835	6.664	3.452	1.267	4.503	2.060	4.379	1.721	4.670	4.440	4.660	3.687	2.225	6.941	5.231	6.388	2.657	2.122	6.640	4.318	1.867	2.907	4.196	4.596	5.836	1.269	0.899	5.889	6.674	2.104	6.145	2.616	3.338	0.000	6.121	3.612	0.684	0.827	5.890	5.820	2.767	3.440	4.745	3.965	4.228	2.284	3.417	4.630	6.038	7.321	]
[9.531	8.072	6.678	7.499	2.117	1.341	8.365	8.921	5.063	7.512	10.395	10.240	4.312	9.458	7.757	6.096	7.576	2.637	8.001	9.059	9.902	3.613	1.712	8.375	9.988	1.905	8.886	6.585	6.491	6.619	7.815	1.111	7.719	5.075	3.252	4.677	3.118	5.836	1.777	9.492	5.069	5.154	7.892	5.406	6.318	8.200	5.926	7.568	1.732	3.656	5.377	3.683	8.163	2.205	4.051	5.259	5.223	2.057	1.052	7.537	7.319	6.338	9.457	6.121	0.000	5.557	6.662	5.663	4.472	0.446	6.460	6.319	6.651	8.275	8.769	5.143	7.565	10.625	2.542	7.426	]
[8.236	10.696	6.861	9.836	6.389	4.303	2.818	4.788	7.287	9.607	8.436	8.785	6.929	5.705	5.509	2.615	5.960	2.933	8.564	7.610	6.789	6.618	7.122	8.886	7.183	6.261	5.606	5.419	9.109	6.019	10.543	5.459	7.024	3.920	2.425	1.964	5.800	4.996	5.092	8.016	7.101	0.421	3.654	8.946	8.067	9.587	5.840	3.234	6.899	2.013	1.763	4.568	7.755	5.378	7.531	2.470	3.343	6.536	5.510	5.699	9.123	1.419	5.993	3.612	5.557	0.000	3.517	2.803	7.772	5.119	6.135	6.644	7.810	2.900	7.839	5.103	6.968	7.600	6.914	10.032	]
[4.759	8.525	4.084	7.619	6.319	5.888	4.678	2.317	5.567	7.291	4.923	5.278	5.583	2.804	2.002	0.914	2.558	4.503	5.644	4.131	3.499	5.647	7.681	5.902	3.787	6.302	2.347	2.338	7.173	3.057	8.450	7.136	3.801	1.946	4.771	2.303	5.052	2.327	5.280	4.522	5.326	3.668	1.542	7.618	5.847	6.911	3.250	1.468	7.266	4.535	1.897	3.572	4.545	5.235	6.521	1.519	1.499	6.536	7.152	2.261	6.727	2.323	2.871	0.684	6.662	3.517	0.000	1.047	6.573	6.338	3.291	4.006	5.323	3.403	4.456	2.951	3.793	4.301	6.700	7.938	]
[5.468	8.387	4.189	7.490	5.490	4.848	4.564	3.260	5.194	7.203	5.794	6.050	5.074	3.838	2.815	0.564	3.174	3.455	5.860	4.848	4.531	5.021	6.766	6.162	4.787	5.450	3.391	2.629	6.920	3.266	8.278	6.100	4.227	1.438	3.748	1.279	4.341	2.302	4.372	5.267	4.968	2.862	2.288	7.151	5.692	6.997	3.216	2.040	6.375	3.536	1.045	2.848	4.963	4.387	5.931	0.479	0.800	5.698	6.118	2.931	6.669	1.939	3.918	0.827	5.663	2.803	1.047	0.000	6.043	5.325	3.422	4.024	5.288	3.559	5.039	2.653	4.178	5.327	5.910	7.761	]
[6.863	3.600	3.847	3.059	2.358	5.256	10.342	8.734	1.341	3.136	8.036	7.537	0.991	8.793	6.416	6.606	5.803	5.463	4.381	6.630	8.578	1.165	3.665	4.703	8.389	2.569	7.976	4.962	2.039	4.496	3.347	5.583	5.144	4.663	6.411	5.956	1.996	4.458	3.192	6.969	1.553	7.511	8.115	1.176	2.349	4.047	3.810	7.987	3.197	6.651	6.535	3.282	5.205	2.706	0.428	5.945	5.253	2.456	5.523	5.962	3.083	7.730	8.541	5.890	4.472	7.772	6.573	6.043	0.000	4.653	4.194	3.567	3.016	9.574	6.025	3.672	4.972	9.069	2.030	2.955	]
[9.385	8.250	6.598	7.641	2.333	0.900	7.923	8.575	5.135	7.630	10.210	10.091	4.401	9.141	7.513	5.739	7.373	2.207	7.984	8.896	9.630	3.717	2.143	8.361	9.738	2.120	8.592	6.391	6.644	6.471	8.000	1.037	7.591	4.822	2.806	4.297	3.140	5.642	1.725	9.332	5.120	4.714	7.530	5.640	6.377	8.262	5.799	7.197	2.116	3.210	4.990	3.519	8.067	2.205	4.241	4.907	4.925	2.311	1.006	7.317	7.405	5.926	9.157	5.820	0.446	5.119	6.338	5.325	4.653	0.000	6.330	6.242	6.661	7.854	8.641	4.986	7.441	10.366	2.805	7.594	]
[3.077	5.304	0.793	4.401	5.105	6.340	7.907	4.946	2.899	4.046	4.051	3.789	3.296	4.773	2.319	3.839	1.620	5.483	2.440	2.653	4.395	3.734	6.736	2.751	4.196	5.201	3.916	0.995	4.119	0.315	5.261	7.346	1.261	2.255	6.216	4.244	3.612	1.139	4.692	3.066	2.662	6.099	4.678	4.969	2.712	3.625	0.534	4.722	6.228	6.193	4.397	2.824	1.809	4.340	4.333	3.672	2.793	5.328	7.326	1.820	3.469	5.348	4.446	2.767	6.460	6.135	3.291	3.422	4.194	6.330	0.000	0.774	2.075	6.693	2.311	1.379	1.113	4.876	5.241	4.763	]
[3.400	4.544	0.359	3.639	4.763	6.361	8.563	5.720	2.237	3.293	4.504	4.105	2.739	5.537	3.080	4.482	2.347	5.667	1.971	3.089	5.098	3.269	6.402	2.328	4.855	4.885	4.677	1.761	3.348	1.081	4.493	7.275	1.599	2.724	6.469	4.705	3.307	1.731	4.543	3.458	2.014	6.568	5.429	4.259	1.938	2.973	0.811	5.455	5.886	6.494	4.946	2.849	1.861	4.133	3.754	4.217	3.326	4.977	7.247	2.573	2.723	5.964	5.197	3.440	6.319	6.644	4.006	4.024	3.567	6.242	0.774	0.000	1.320	7.397	2.573	1.597	1.426	5.529	4.827	3.993	]
[3.951	3.229	1.334	2.327	4.803	6.944	9.846	7.007	1.761	1.974	5.183	4.590	2.493	6.761	4.314	5.768	3.531	6.489	1.404	3.831	6.183	3.176	6.386	1.760	5.862	4.967	5.894	3.070	2.169	2.364	3.191	7.693	2.444	3.923	7.360	5.849	3.533	3.025	4.938	4.106	1.653	7.697	6.748	3.380	0.790	1.799	2.089	6.774	5.874	7.442	6.161	3.620	2.282	4.459	3.327	5.438	4.553	4.988	7.654	3.795	1.404	7.224	6.385	4.745	6.651	7.810	5.323	5.288	3.016	6.661	2.075	1.320	0.000	8.708	3.131	2.708	2.294	6.513	4.718	2.701	]
[7.728	11.882	7.486	10.978	8.712	7.102	1.547	2.973	8.752	10.665	7.482	8.089	8.618	3.979	5.067	3.011	5.800	5.651	9.033	7.126	5.336	8.510	9.714	9.276	5.878	8.626	4.319	5.737	10.460	6.459	11.791	8.306	7.126	4.993	5.299	3.799	7.772	5.686	7.462	7.438	8.525	3.317	2.273	10.699	9.189	10.314	6.621	2.049	9.417	4.896	3.118	6.316	7.857	7.620	9.433	3.632	4.359	8.895	8.352	5.479	10.110	1.971	4.443	3.965	8.275	2.900	3.403	3.559	9.574	7.854	6.693	7.397	8.708	0.000	7.624	6.184	7.141	6.063	9.193	11.275	]
[0.838	5.824	2.234	5.042	7.327	8.630	9.048	5.115	4.688	4.622	2.053	1.533	5.281	4.499	2.558	5.273	1.900	7.687	2.229	0.795	3.496	5.840	8.966	2.222	3.027	7.441	3.699	2.517	5.226	2.190	5.896	9.655	1.051	4.280	8.345	6.132	5.853	3.172	6.998	0.978	4.497	7.894	5.367	6.510	3.919	3.639	2.844	5.582	8.452	8.267	6.084	5.130	0.852	6.630	6.264	5.420	4.649	7.544	9.636	2.197	4.079	6.771	4.006	4.228	8.769	7.839	4.456	5.039	6.025	8.641	2.311	2.573	3.131	7.624	0.000	3.670	1.205	3.598	7.401	5.499	]
[4.400	5.735	1.884	4.842	3.995	4.964	7.209	5.062	2.616	4.567	5.263	5.105	2.683	5.163	2.908	3.178	2.508	4.124	3.567	3.917	5.140	2.887	5.584	3.921	5.080	4.056	4.381	1.518	4.276	1.486	5.625	5.991	2.624	1.233	4.893	3.145	2.519	0.835	3.398	4.350	2.377	5.001	4.486	4.676	3.043	4.486	0.883	4.405	5.092	4.903	3.463	1.467	3.182	3.102	3.678	2.747	1.878	4.223	5.975	2.548	4.050	4.561	4.961	2.284	5.143	5.103	2.951	2.653	3.672	4.986	1.379	1.597	2.708	6.184	3.670	0.000	2.486	5.754	4.228	5.108	]
[2.001	5.354	1.125	4.493	6.141	7.449	8.470	4.980	3.633	4.092	3.079	2.712	4.164	4.583	2.232	4.503	1.414	6.558	1.950	1.664	3.897	4.686	7.778	2.147	3.569	6.249	3.721	1.550	4.463	1.038	5.371	8.458	0.173	3.219	7.258	5.157	4.659	2.080	5.793	2.036	3.422	6.977	4.969	5.580	3.068	3.357	1.642	5.102	7.266	7.209	5.206	3.936	0.788	5.426	5.175	4.504	3.670	6.359	8.438	1.730	3.510	6.030	4.165	3.417	7.565	6.968	3.793	4.178	4.972	7.441	1.113	1.426	2.294	7.141	1.205	2.486	0.000	4.224	6.234	4.916	]
[3.035	9.412	5.302	8.608	9.746	10.050	7.609	3.093	7.758	8.191	1.999	2.889	8.167	2.084	2.886	5.172	3.294	8.744	5.819	2.803	0.813	8.553	11.311	5.817	0.682	9.798	1.999	4.245	8.678	4.581	9.473	11.260	4.070	5.550	9.071	6.600	8.273	4.937	9.009	2.735	7.527	7.836	4.045	9.779	7.291	7.236	5.301	4.444	10.831	8.835	6.170	7.056	4.380	8.799	9.205	5.805	5.485	9.974	11.265	3.207	7.631	6.212	1.650	4.630	10.625	7.600	4.301	5.327	9.069	10.366	4.876	5.529	6.513	6.063	3.598	5.754	4.224	0.000	9.977	9.055	]
[8.226	5.585	5.169	5.088	0.542	3.552	9.675	9.004	2.968	5.161	9.286	8.932	2.225	9.286	7.134	6.453	6.700	4.183	6.121	7.876	9.368	1.573	1.680	6.475	9.300	0.724	8.555	5.733	4.067	5.491	5.318	3.639	6.405	4.783	5.077	5.397	1.715	5.058	1.829	8.268	3.067	6.579	8.174	2.868	4.196	6.010	4.743	7.950	1.183	5.399	6.078	3.131	6.656	1.574	1.603	5.659	5.217	0.494	3.573	6.771	5.066	7.237	9.141	6.038	2.542	6.914	6.700	5.910	2.030	2.805	5.241	4.827	4.718	9.193	7.401	4.228	6.234	9.977	0.000	4.961	]
