N=80;
nK1=30;
nK2=30;
nK3=20;
K1=[1 	2 	3 	5 	6 	8 	9 	15 	18 	21 	22 	23 	26 	32 	35 	36 	41 	46 	49 	54 	55 	57 	60 	61 	63 	68 	76 	77 	79 	80 	];
K2=[10 	11 	12 	13 	14 	24 	27 	28 	29 	30 	31 	33 	40 	47 	48 	50 	51 	52 	53 	59 	62 	64 	66 	67 	69 	70 	72 	73 	74 	78 	];
K3=[4 	7 	16 	17 	19 	20 	25 	34 	37 	38 	39 	42 	43 	44 	45 	56 	58 	65 	71 	75 	];
DG=[8.160000e+01	4.760000e+01	68	4.250000e+01	8.330000e+01	4.250000e+01	6.460000e+01	6.120000e+01	5.610000e+01	4.760000e+01	7.820000e+01	7.140000e+01	8.330000e+01	3.570000e+01	4.590000e+01	4.760000e+01	4.080000e+01	8.330000e+01	51	7.650000e+01	6.120000e+01	4.420000e+01	6.970000e+01	7.480000e+01	7.650000e+01	6.120000e+01	7.650000e+01	7.140000e+01	4.590000e+01	7.650000e+01	7.820000e+01	6.120000e+01	4.420000e+01	4.250000e+01	5.780000e+01	4.420000e+01	5.270000e+01	7.310000e+01	6.630000e+01	7.990000e+01	5.440000e+01	5.950000e+01	7.310000e+01	4.420000e+01	3.910000e+01	5.610000e+01	6.630000e+01	7.650000e+01	5.610000e+01	4.080000e+01	4.590000e+01	4.760000e+01	7.650000e+01	5.440000e+01	4.250000e+01	6.120000e+01	7.310000e+01	4.760000e+01	68	34	7.990000e+01	4.420000e+01	4.420000e+01	7.820000e+01	8.160000e+01	8.160000e+01	7.310000e+01	4.250000e+01	4.250000e+01	4.080000e+01	6.120000e+01	5.270000e+01	8.330000e+01	4.250000e+01	51	6.970000e+01	7.990000e+01	8.160000e+01	7.820000e+01	4.080000e+01	];
LOAD=[48	28	40	25	49	25	38	36	33	28	46	42	49	21	27	28	24	49	30	45	36	26	41	44	45	36	45	42	27	45	46	36	26	25	34	26	31	43	39	47	32	35	43	26	23	33	39	45	33	24	27	28	45	32	25	36	43	28	40	20	47	26	26	46	48	48	43	25	25	24	36	31	49	25	30	41	47	48	46	24	];
DIST=[[0.000	8.028	4.894	5.159	4.206	4.101	9.226	8.378	7.357	4.351	8.967	4.947	4.681	8.876	8.362	4.001	6.088	7.919	6.689	6.412	4.009	1.540	3.961	7.623	5.328	5.048	6.096	2.894	5.825	2.025	2.525	4.987	6.104	11.162	2.002	7.080	5.312	5.123	6.329	8.313	7.814	9.173	8.006	4.767	3.608	8.204	3.011	6.601	5.330	4.601	9.449	6.567	4.784	8.414	5.583	8.455	7.381	6.829	10.411	8.606	2.621	8.053	4.484	0.609	8.477	1.089	1.980	6.971	7.603	5.395	8.512	7.844	7.706	6.676	5.702	8.805	7.969	5.356	3.803	9.451	]
[8.028	0.000	3.914	7.144	7.863	6.971	7.014	1.838	7.799	5.743	1.042	5.319	6.520	0.900	2.747	5.728	7.230	6.146	1.670	3.150	7.388	7.876	9.309	8.590	7.345	4.687	4.763	5.289	2.541	8.265	5.506	4.136	3.361	5.842	6.051	5.459	5.461	4.453	5.313	9.145	8.770	2.044	0.629	7.728	4.544	9.864	8.735	1.435	5.709	3.702	3.571	5.495	3.302	1.010	9.123	4.398	10.501	1.587	5.196	6.871	7.311	6.122	5.069	7.524	10.458	8.631	6.547	1.925	10.450	9.237	2.219	4.202	9.488	6.561	5.745	2.178	8.534	5.811	4.463	5.204	]
[4.894	3.914	0.000	3.410	3.961	3.072	5.269	3.624	4.717	1.863	4.956	1.598	2.707	4.567	5.642	1.814	3.766	3.966	2.258	4.402	3.481	5.389	5.400	5.410	3.636	1.003	1.843	3.101	1.379	4.543	2.772	3.953	1.215	6.366	2.986	3.008	1.903	0.814	2.391	6.085	5.617	4.443	4.201	3.886	1.493	6.575	4.876	2.812	2.140	2.851	4.555	2.675	2.280	4.698	5.311	3.710	6.859	3.532	5.600	4.797	3.486	4.044	1.182	4.567	7.117	5.174	4.202	3.989	6.868	5.392	3.691	3.110	6.124	3.491	2.351	4.008	5.508	2.245	1.199	4.768	]
[5.159	7.144	3.410	0.000	1.327	1.059	4.391	6.285	2.199	1.636	8.166	1.842	0.753	7.637	9.052	1.894	0.939	3.270	5.488	7.711	1.219	6.415	2.955	2.535	0.240	2.480	2.589	5.281	4.722	3.514	4.607	6.965	3.810	7.239	4.272	2.795	1.696	2.713	2.283	3.252	2.740	7.047	7.522	0.785	3.956	3.419	3.063	6.200	1.458	5.911	6.370	2.327	5.479	8.021	1.997	4.773	3.451	6.941	6.615	3.738	2.549	3.427	2.263	5.236	3.879	4.697	5.769	7.397	3.476	2.156	6.174	4.285	2.922	1.780	1.553	6.513	2.836	1.365	3.728	5.441	]
[4.206	7.863	3.961	1.327	0.000	0.891	5.706	7.245	3.351	2.123	8.903	2.640	1.481	8.455	9.467	2.159	2.191	4.596	6.195	7.922	0.489	5.606	1.673	3.468	1.370	3.224	3.673	5.006	5.340	2.347	4.290	6.961	4.669	8.534	3.805	4.076	2.681	3.450	3.489	4.133	3.646	8.039	8.162	0.624	4.015	4.005	1.754	6.752	2.498	5.996	7.532	3.582	5.684	8.659	1.597	6.005	3.428	7.409	7.891	5.053	1.645	4.753	2.794	4.407	4.318	3.569	5.203	7.810	3.577	1.554	7.183	5.481	3.504	3.106	2.718	7.524	3.849	2.436	3.871	6.731	]
[4.101	6.971	3.072	1.059	0.891	0.000	5.308	6.379	3.256	1.233	8.012	1.779	0.737	7.567	8.610	1.281	1.987	4.094	5.303	7.113	0.433	5.361	2.470	3.574	1.246	2.343	2.881	4.384	4.450	2.538	3.684	6.223	3.793	7.885	3.287	3.445	1.879	2.565	2.786	4.286	3.775	7.179	7.274	0.946	3.231	4.358	2.276	5.869	1.733	5.220	6.745	2.926	4.867	7.771	2.339	5.283	4.084	6.539	7.211	4.662	1.503	4.245	1.903	4.179	4.762	3.683	4.764	6.951	4.181	2.365	6.330	4.732	3.852	2.682	2.016	6.670	3.891	1.692	3.057	6.081	]
[9.226	7.014	5.269	4.391	5.706	5.308	0.000	5.314	2.680	4.890	7.749	4.360	4.615	6.980	9.671	5.255	3.532	1.342	5.890	9.163	5.586	10.212	7.240	3.221	4.339	4.512	3.449	8.297	5.735	7.846	7.822	9.110	4.473	3.593	7.785	2.286	3.959	4.570	3.006	3.275	3.253	5.690	7.612	5.107	6.662	4.259	7.454	6.923	3.905	8.035	4.152	2.731	7.409	8.021	5.622	2.654	5.742	7.759	3.301	0.653	6.773	1.236	4.935	9.143	4.820	8.970	9.231	8.294	5.494	5.911	4.980	2.827	4.193	2.630	3.531	5.203	2.848	3.872	6.351	2.278	]
[8.378	1.838	3.624	6.285	7.245	6.379	5.314	0.000	6.480	5.173	2.437	4.606	5.789	1.668	4.584	5.277	6.152	4.609	1.804	4.754	6.812	8.557	8.836	7.282	6.449	4.048	3.711	5.972	2.565	8.163	5.970	5.423	2.598	4.058	6.385	4.087	4.611	3.839	4.153	7.759	7.442	0.820	2.467	6.975	4.772	8.567	8.430	2.516	4.834	4.688	1.766	4.263	4.120	2.792	8.275	2.661	9.428	3.126	3.380	5.255	7.083	4.556	4.571	7.963	9.174	8.772	7.243	3.592	9.328	8.440	0.381	2.598	8.245	5.320	4.757	0.467	7.157	4.922	4.581	3.383	]
[7.357	7.799	4.717	2.199	3.351	3.256	2.680	6.480	0.000	3.435	8.732	3.227	2.755	8.065	10.121	3.787	1.275	2.121	6.288	9.102	3.389	8.588	4.708	0.802	2.044	3.723	3.106	7.219	5.751	5.669	6.596	8.619	4.543	6.104	6.352	2.393	2.844	3.903	2.517	1.381	0.972	7.103	8.298	2.727	5.717	2.087	5.084	7.202	2.638	7.521	5.952	2.308	6.987	8.776	2.962	4.217	3.200	8.025	5.644	2.089	4.746	2.250	3.837	7.421	2.694	6.872	7.860	8.536	3.010	3.258	6.250	3.969	1.793	1.265	2.370	6.558	0.791	2.545	5.438	4.461	]
[4.351	5.743	1.863	1.636	2.123	1.233	4.890	5.173	3.435	0.000	6.782	0.663	0.888	6.335	7.470	0.372	2.247	3.571	4.074	6.079	1.659	5.342	3.664	3.980	1.875	1.125	1.873	3.786	3.232	3.277	3.164	5.343	2.577	7.009	2.973	2.736	0.966	1.340	1.990	4.697	4.192	5.980	6.058	2.026	2.346	5.004	3.312	4.674	0.986	4.280	5.661	2.217	3.844	6.557	3.455	4.328	5.066	5.374	6.295	4.285	2.125	3.703	0.681	4.253	5.494	4.233	4.472	5.810	5.107	3.529	5.143	3.740	4.519	2.448	1.360	5.481	4.189	1.027	2.102	5.231	]
[8.967	1.042	4.956	8.166	8.903	8.012	7.749	2.437	8.732	6.782	0.000	6.349	7.552	0.798	2.500	6.770	8.220	6.986	2.708	3.546	8.429	8.717	10.350	9.529	8.363	5.719	5.743	6.167	3.583	9.283	6.443	4.761	4.367	6.130	7.011	6.362	6.478	5.486	6.275	10.059	9.703	2.279	0.984	8.761	5.542	10.809	9.769	2.381	6.724	4.512	3.973	6.441	4.194	0.762	10.151	5.098	11.501	2.244	5.567	7.669	8.343	6.946	6.109	8.444	11.408	9.610	7.399	2.371	11.440	10.269	2.787	4.994	10.448	7.511	6.744	2.625	9.450	6.825	5.477	5.779	]
[4.947	5.319	1.598	1.842	2.640	1.779	4.360	4.606	3.227	0.663	6.349	0.000	1.208	5.852	7.230	0.957	2.182	3.023	3.655	5.981	2.212	5.853	4.247	3.867	2.058	0.638	1.211	4.073	2.881	3.940	3.517	5.398	2.036	6.350	3.428	2.139	0.418	0.872	1.386	4.563	4.078	5.402	5.683	2.417	2.506	4.995	3.954	4.362	0.589	4.305	5.012	1.639	3.797	6.183	3.804	3.666	5.276	5.114	5.634	3.781	2.787	3.146	0.624	4.806	5.527	4.881	4.894	5.582	5.275	3.922	4.551	3.077	4.536	2.092	0.908	4.891	4.011	0.683	2.218	4.577	]
[4.681	6.520	2.707	0.753	1.481	0.737	4.615	5.789	2.755	0.888	7.552	1.208	0.000	7.060	8.339	1.143	1.495	3.375	4.853	6.967	1.124	5.844	3.140	3.205	0.993	1.834	2.193	4.559	4.050	3.246	3.898	6.212	3.240	7.150	3.606	2.708	1.201	2.067	2.055	3.926	3.415	6.575	6.869	1.209	3.204	4.157	3.011	5.515	1.022	5.158	6.056	2.189	4.731	7.368	2.612	4.561	4.181	6.236	6.480	3.974	2.159	3.524	1.537	4.691	4.629	4.355	5.113	6.681	4.219	2.717	5.714	4.020	3.665	2.007	1.282	6.055	3.462	0.969	2.975	5.345	]
[8.876	0.900	4.567	7.637	8.455	7.567	6.980	1.668	8.065	6.335	0.798	5.852	7.060	0.000	3.210	6.360	7.624	6.259	2.321	3.965	7.993	8.765	9.959	8.866	7.823	5.238	5.145	6.171	3.236	9.020	6.361	5.022	3.828	5.354	6.888	5.680	5.941	5.009	5.649	9.373	9.034	1.490	1.296	8.268	5.346	10.150	9.435	2.315	6.182	4.600	3.177	5.796	4.185	1.369	9.632	4.326	10.911	2.463	4.777	6.921	8.026	6.213	5.676	8.385	10.753	9.442	7.434	2.740	10.835	9.768	2.004	4.254	9.805	6.866	6.169	1.829	8.766	6.279	5.239	4.984	]
[8.362	2.747	5.642	9.052	9.467	8.610	9.671	4.584	10.121	7.470	2.500	7.230	8.339	3.210	0.000	7.333	9.348	8.694	3.866	1.977	8.978	7.699	10.660	10.882	9.278	6.604	7.015	5.478	4.394	9.214	5.995	3.451	5.581	8.538	6.641	7.907	7.484	6.381	7.607	11.498	11.077	4.675	2.118	9.489	5.556	12.115	9.910	2.920	7.733	3.815	6.297	7.835	3.874	1.848	10.920	7.104	12.501	2.118	7.921	9.466	8.499	8.691	6.802	7.771	12.683	9.217	6.500	1.660	12.505	10.972	4.965	6.843	11.692	8.857	7.867	4.903	10.893	7.839	5.632	7.946	]
[4.001	5.728	1.814	1.894	2.159	1.281	5.255	5.277	3.787	0.372	6.770	0.957	1.143	6.360	7.333	0.000	2.578	3.930	4.067	5.874	1.673	4.972	3.600	4.309	2.133	1.267	2.155	3.444	3.192	3.026	2.809	5.073	2.683	7.294	2.602	3.079	1.311	1.448	2.329	5.028	4.521	6.091	6.008	2.168	2.063	5.299	3.157	4.593	1.352	4.029	5.868	2.566	3.629	6.504	3.595	4.599	5.271	5.258	6.571	4.653	1.880	4.061	0.706	3.888	5.772	3.927	4.104	5.673	5.331	3.640	5.273	4.002	4.807	2.819	1.726	5.608	4.532	1.397	1.843	5.529	]
[6.088	7.230	3.766	0.939	2.191	1.987	3.532	6.152	1.275	2.247	8.220	2.182	1.495	7.624	9.348	2.578	0.000	2.528	5.622	8.161	2.152	7.314	3.714	1.733	0.824	2.767	2.480	6.022	4.958	4.447	5.377	7.550	3.874	6.591	5.101	2.279	1.871	2.980	1.999	2.451	1.945	6.863	7.669	1.580	4.582	2.814	3.946	6.443	1.627	6.466	5.980	1.926	5.976	8.162	2.310	4.296	3.288	7.231	6.019	2.881	3.485	2.684	2.744	6.146	3.351	5.635	6.608	7.718	3.221	2.556	5.987	3.889	2.358	1.042	1.494	6.318	1.967	1.521	4.321	4.824	]
[7.919	6.146	3.966	3.270	4.596	4.094	1.342	4.609	2.121	3.571	6.986	3.023	3.375	6.259	8.694	3.930	2.528	0.000	4.842	8.014	4.412	8.876	6.207	2.872	3.267	3.176	2.128	6.964	4.560	6.621	6.481	7.859	3.277	4.081	6.445	0.959	2.626	3.243	1.664	3.218	2.988	5.141	6.709	4.034	5.331	4.114	6.312	5.853	2.589	6.771	3.861	1.390	6.157	7.153	4.796	2.136	5.317	6.696	3.558	0.836	5.518	0.157	3.594	7.817	4.721	7.710	7.890	7.230	5.130	5.061	4.329	2.012	3.892	1.504	2.218	4.609	2.643	2.565	5.021	2.362	]
[6.689	1.670	2.258	5.488	6.195	5.303	5.890	1.804	6.288	4.074	2.708	3.655	4.853	2.321	3.866	4.067	5.622	4.842	0.000	3.348	5.722	6.775	7.658	7.064	5.693	3.021	3.195	4.179	0.917	6.706	4.223	3.728	1.757	5.592	4.686	4.040	3.816	2.787	3.773	7.658	7.254	2.531	2.047	6.060	3.095	8.320	7.116	1.037	4.066	2.907	3.364	3.986	2.321	2.543	7.459	3.482	8.872	1.869	4.849	5.632	5.705	4.848	3.401	6.239	8.904	7.178	5.454	2.404	8.835	7.570	2.058	3.097	7.922	5.030	4.129	2.269	7.049	4.170	2.953	4.477	]
[6.412	3.150	4.402	7.711	7.922	7.113	9.163	4.754	9.102	6.079	3.546	5.981	6.967	3.965	1.977	5.874	8.161	8.014	3.348	0.000	7.440	5.724	8.963	9.809	7.948	5.405	6.069	3.553	3.455	7.393	4.123	1.475	4.740	8.798	4.775	7.122	6.304	5.208	6.664	10.477	10.015	5.162	2.673	8.036	3.911	10.974	8.155	2.334	6.540	1.983	6.508	6.927	2.246	2.790	9.452	6.830	11.141	1.629	8.090	8.837	6.782	8.046	5.458	5.816	11.507	7.302	4.528	1.228	11.186	9.466	5.112	6.423	10.516	7.855	6.748	5.182	9.892	6.644	4.057	7.818	]
[4.009	7.388	3.481	1.219	0.489	0.433	5.586	6.812	3.389	1.659	8.429	2.212	1.124	7.993	8.978	1.673	2.152	4.412	5.722	7.440	0.000	5.345	2.039	3.614	1.345	2.774	3.301	4.579	4.860	2.295	3.867	6.497	4.225	8.264	3.414	3.811	2.299	2.995	3.176	4.308	3.806	7.612	7.680	0.786	3.537	4.282	1.907	6.266	2.141	5.521	7.166	3.300	5.199	8.176	2.043	5.685	3.846	6.920	7.601	4.935	1.390	4.565	2.321	4.149	4.641	3.485	4.851	7.321	3.972	2.028	6.763	5.141	3.776	2.958	2.403	7.103	3.964	2.092	3.386	6.459	]
[1.540	7.876	5.389	6.415	5.606	5.361	10.212	8.557	8.588	5.342	8.717	5.853	5.844	8.765	7.699	4.972	7.314	8.876	6.775	5.724	5.345	0.000	5.496	8.933	6.607	5.800	6.892	2.607	6.011	3.548	2.640	4.248	6.587	11.754	2.455	7.975	6.253	5.818	7.227	9.640	9.132	9.306	7.734	6.126	3.924	9.608	4.542	6.451	6.323	4.206	9.847	7.490	4.581	8.080	7.057	9.090	8.876	6.487	10.987	9.621	3.969	8.997	5.300	1.200	9.917	2.593	1.332	6.512	9.085	6.885	8.752	8.483	9.105	7.771	6.696	9.011	9.250	6.369	4.196	10.134	]
[3.961	9.309	5.400	2.955	1.673	2.470	7.240	8.836	4.708	3.664	10.350	4.247	3.140	9.959	10.660	3.600	3.714	6.207	7.658	8.963	2.039	5.496	0.000	4.601	2.940	4.789	5.332	5.682	6.767	1.960	4.982	7.822	6.241	10.191	4.375	5.739	4.333	5.002	5.162	5.154	4.736	9.641	9.550	2.176	5.104	4.726	0.962	8.101	4.161	6.983	9.196	5.250	6.793	10.038	1.978	7.677	3.550	8.680	9.557	6.592	2.182	6.364	4.292	4.368	4.841	3.004	5.496	9.030	3.819	1.700	8.797	7.152	4.286	4.704	4.391	9.136	5.031	4.104	5.040	8.391	]
[7.623	8.590	5.410	2.535	3.468	3.574	3.221	7.282	0.802	3.980	9.529	3.867	3.205	8.866	10.882	4.309	1.733	2.872	7.064	9.809	3.614	8.933	4.601	0.000	2.329	4.407	3.872	7.752	6.499	5.815	7.101	9.262	5.313	6.752	6.800	3.195	3.512	4.602	3.292	0.721	0.212	7.902	9.083	2.868	6.311	1.285	5.118	7.962	3.286	8.171	6.725	3.096	7.660	9.563	2.696	4.992	2.526	8.778	6.338	2.701	5.003	2.990	4.455	7.746	1.893	7.037	8.301	9.283	2.296	3.001	7.051	4.764	1.022	2.035	3.062	7.357	0.443	3.186	6.045	5.172	]
[5.328	7.345	3.636	0.240	1.370	1.246	4.339	6.449	2.044	1.875	8.363	2.058	0.993	7.823	9.278	2.133	0.824	3.267	5.693	7.948	1.345	6.607	2.940	2.329	0.000	2.695	2.741	5.514	4.938	3.633	4.837	7.205	4.001	7.277	4.492	2.858	1.886	2.927	2.396	3.043	2.531	7.202	7.731	0.772	4.196	3.184	3.124	6.419	1.641	6.151	6.480	2.414	5.717	8.230	1.827	4.857	3.223	7.166	6.669	3.686	2.710	3.424	2.496	5.424	3.641	4.830	5.986	7.625	3.242	2.009	6.327	4.387	2.686	1.763	1.697	6.665	2.647	1.544	3.968	5.486	]
[5.048	4.687	1.003	2.480	3.224	2.343	4.512	4.048	3.723	1.125	5.719	0.638	1.834	5.238	6.604	1.267	2.767	3.176	3.021	5.405	2.774	5.800	4.789	4.407	2.695	0.000	1.095	3.790	2.243	4.280	3.315	4.911	1.452	6.125	3.345	2.228	0.900	0.234	1.522	5.085	4.615	4.855	5.045	3.042	2.163	5.574	4.413	3.726	1.140	3.809	4.607	1.808	3.265	5.545	4.439	3.417	5.909	4.487	5.384	3.984	3.143	3.276	0.592	4.831	6.118	5.115	4.738	4.962	5.902	4.551	4.023	2.808	5.125	2.515	1.353	4.360	4.513	1.246	1.855	4.403	]
[6.096	4.763	1.843	2.589	3.673	2.881	3.449	3.711	3.106	1.873	5.743	1.211	2.193	5.145	7.015	2.155	2.480	2.128	3.195	6.069	3.301	6.892	5.332	3.872	2.741	1.095	0.000	4.851	2.657	5.150	4.403	5.774	1.440	5.140	4.438	1.169	1.002	1.123	0.599	4.484	4.064	4.461	5.227	3.315	3.214	5.125	5.124	4.097	1.176	4.677	3.866	0.860	4.080	5.714	4.569	2.456	5.767	4.922	4.423	2.956	3.997	2.215	1.616	5.907	5.710	6.082	5.830	5.436	5.698	4.743	3.586	1.873	4.732	1.842	1.046	3.925	3.881	1.247	2.904	3.376	]
[2.894	5.289	3.101	5.281	5.006	4.384	8.297	5.972	7.219	3.786	6.167	4.073	4.559	6.171	5.478	3.444	6.022	6.964	4.179	3.553	4.579	2.607	5.682	7.752	5.514	3.790	4.851	0.000	3.457	3.932	0.719	2.204	4.211	9.357	1.311	6.012	4.490	3.728	5.311	8.472	7.964	6.708	5.190	5.318	1.637	8.698	4.791	3.857	4.641	1.711	7.340	5.596	1.987	5.570	6.603	6.771	8.425	3.974	8.586	7.774	3.552	7.061	3.450	2.322	9.134	3.750	1.277	4.083	8.548	6.538	6.184	6.186	8.198	6.160	4.980	6.430	7.974	4.719	1.948	7.841	]
[5.825	2.541	1.379	4.722	5.340	4.450	5.735	2.565	5.751	3.232	3.583	2.881	4.050	3.236	4.394	3.192	4.958	4.560	0.917	3.455	4.860	6.011	6.767	6.499	4.938	2.243	2.657	3.457	0.000	5.789	3.407	3.454	1.284	5.999	3.826	3.669	3.101	2.012	3.256	7.132	6.697	3.349	2.826	5.245	2.218	7.723	6.206	1.487	3.352	2.464	3.895	3.505	1.823	3.325	6.662	3.601	8.150	2.280	5.233	5.385	4.791	4.595	2.552	5.400	8.290	6.278	4.712	2.785	8.136	6.755	2.741	3.100	7.299	4.488	3.474	3.008	6.533	3.457	2.053	4.661	]
[2.025	8.265	4.543	3.514	2.347	2.538	7.846	8.163	5.669	3.277	9.283	3.940	3.246	9.020	9.214	3.026	4.447	6.621	6.706	7.393	2.295	3.548	1.960	5.815	3.633	4.280	5.150	3.932	5.789	0.000	3.281	6.129	5.626	10.280	2.634	5.914	4.202	4.437	5.204	6.473	5.991	8.983	8.397	2.958	3.765	6.266	0.999	6.928	4.132	5.422	8.887	5.386	5.362	8.861	3.586	7.605	5.362	7.377	9.572	7.199	1.152	6.770	3.694	2.407	6.501	1.224	3.572	7.651	5.592	3.382	8.207	7.016	5.780	5.219	4.469	8.533	6.195	4.121	3.806	8.492	]
[2.525	5.506	2.772	4.607	4.290	3.684	7.822	5.970	6.596	3.164	6.443	3.517	3.898	6.361	5.995	2.809	5.377	6.481	4.223	4.123	3.867	2.640	4.982	7.101	4.837	3.315	4.403	0.719	3.407	3.281	0.000	2.856	3.955	9.126	0.652	5.541	3.935	3.289	4.817	7.822	7.311	6.742	5.485	4.612	1.288	8.017	4.106	4.076	4.065	2.179	7.209	5.097	2.269	5.900	5.886	6.481	7.711	4.326	8.357	7.273	2.839	6.587	2.906	2.026	8.442	3.242	1.437	4.510	7.839	5.819	6.144	5.880	7.515	5.582	4.418	6.415	7.339	4.135	1.572	7.538	]
[4.987	4.136	3.953	6.965	6.961	6.223	9.110	5.423	8.619	5.343	4.761	5.398	6.212	5.022	3.451	5.073	7.550	7.859	3.728	1.475	6.497	4.248	7.822	9.262	7.205	4.911	5.774	2.204	3.454	6.129	2.856	0.000	4.649	9.319	3.496	6.915	5.774	4.756	6.340	9.961	9.473	5.988	3.803	7.168	3.012	10.343	6.960	2.918	5.985	1.103	7.085	6.622	1.702	4.044	8.539	7.049	10.306	2.561	8.571	8.695	5.653	7.918	4.808	4.384	10.836	5.921	3.067	2.405	10.389	8.514	5.736	6.553	9.861	7.425	6.255	5.884	9.406	6.081	3.241	8.101	]
[6.104	3.361	1.215	3.810	4.669	3.793	4.473	2.598	4.543	2.577	4.367	2.036	3.240	3.828	5.581	2.683	3.874	3.277	1.757	4.740	4.225	6.587	6.241	5.313	4.001	1.452	1.440	4.211	1.284	5.626	3.955	4.649	0.000	5.172	4.199	2.387	2.116	1.242	2.027	5.918	5.504	3.409	3.798	4.445	2.667	6.564	5.840	2.666	2.360	3.596	3.348	2.256	2.958	4.289	5.804	2.562	7.141	3.500	4.403	4.105	4.518	3.316	1.978	5.782	7.146	6.342	5.371	4.022	7.092	5.940	2.593	1.988	6.165	3.281	2.385	2.926	5.312	2.459	2.391	3.634	]
[11.162	5.842	6.366	7.239	8.534	7.885	3.593	4.058	6.104	7.009	6.130	6.350	7.150	5.354	8.538	7.294	6.591	4.081	5.592	8.798	8.264	11.754	10.191	6.752	7.277	6.125	5.140	9.357	5.999	10.280	9.126	9.319	5.172	0.000	9.340	4.459	6.080	6.039	5.102	6.866	6.810	3.868	6.459	8.023	7.839	7.848	10.161	6.501	6.172	8.434	2.292	4.964	7.805	6.692	8.876	2.709	9.275	7.176	0.771	4.052	9.129	3.929	6.706	10.900	8.413	11.219	10.541	7.649	9.047	9.138	3.690	3.319	7.753	5.550	5.869	3.666	6.412	6.199	7.559	1.805	]
[2.002	6.051	2.986	4.272	3.805	3.287	7.785	6.385	6.352	2.973	7.011	3.428	3.606	6.888	6.641	2.602	5.101	6.445	4.686	4.775	3.414	2.455	4.375	6.800	4.492	3.345	4.438	1.311	3.826	2.634	0.652	3.496	4.199	9.340	0.000	5.532	3.837	3.364	4.787	7.520	7.007	7.176	6.066	4.184	1.613	7.645	3.480	4.634	3.931	2.826	7.519	5.056	2.876	6.493	5.393	6.657	7.233	4.935	8.578	7.208	2.272	6.562	2.855	1.592	8.041	2.620	1.509	5.139	7.378	5.304	6.530	6.048	7.139	5.421	4.298	6.817	7.067	3.987	1.833	7.692	]
[7.080	5.459	3.008	2.795	4.076	3.445	2.286	4.087	2.393	2.736	6.362	2.139	2.708	5.680	7.907	3.079	2.279	0.959	4.040	7.122	3.811	7.975	5.739	3.195	2.858	2.228	1.169	6.012	3.669	5.914	5.541	6.915	2.387	4.459	5.532	0.000	1.770	2.286	0.753	3.697	3.357	4.722	5.988	3.580	4.377	4.480	5.715	5.022	1.789	5.823	3.708	0.528	5.214	6.453	4.581	2.019	5.429	5.864	3.821	1.790	4.781	1.049	2.677	6.944	5.087	6.948	6.958	6.392	5.295	4.812	3.863	1.631	4.165	1.292	1.445	4.175	3.088	1.793	4.066	2.654	]
[5.312	5.461	1.903	1.696	2.681	1.879	3.959	4.611	2.844	0.966	6.478	0.418	1.201	5.941	7.484	1.311	1.871	2.626	3.816	6.304	2.299	6.253	4.333	3.512	1.886	0.900	1.002	4.490	3.101	4.202	3.935	5.774	2.116	6.080	3.837	1.770	0.000	1.109	1.024	4.196	3.720	5.387	5.860	2.365	2.914	4.674	4.128	4.588	0.251	4.677	4.867	1.255	4.150	6.358	3.692	3.429	5.060	5.366	5.382	3.372	3.054	2.753	1.039	5.192	5.221	5.193	5.309	5.849	5.036	3.838	4.522	2.862	4.228	1.682	0.493	4.862	3.633	0.357	2.621	4.290	]
[5.123	4.453	0.814	2.713	3.450	2.565	4.570	3.839	3.903	1.340	5.486	0.872	2.067	5.009	6.381	1.448	2.980	3.243	2.787	5.208	2.995	5.818	5.002	4.602	2.927	0.234	1.123	3.728	2.012	4.437	3.289	4.756	1.242	6.039	3.364	2.286	1.109	0.000	1.616	5.272	4.808	4.650	4.812	3.275	2.092	5.780	4.604	3.497	1.355	3.653	4.456	1.903	3.092	5.311	4.673	3.332	6.138	4.263	5.290	4.063	3.309	3.335	0.748	4.881	6.330	5.236	4.721	4.741	6.128	4.784	3.826	2.721	5.337	2.678	1.540	4.161	4.694	1.461	1.781	4.342	]
[6.329	5.313	2.391	2.283	3.489	2.786	3.006	4.153	2.517	1.990	6.275	1.386	2.055	5.649	7.607	2.329	1.999	1.664	3.773	6.664	3.176	7.227	5.162	3.292	2.396	1.522	0.599	5.311	3.256	5.204	4.817	6.340	2.027	5.102	4.787	0.753	1.024	1.616	0.000	3.891	3.480	4.866	5.793	3.052	3.685	4.555	5.062	4.690	1.074	5.240	4.088	0.287	4.653	6.276	4.201	2.516	5.277	5.518	4.426	2.463	4.062	1.776	1.933	6.191	5.146	6.214	6.226	6.034	5.189	4.402	3.990	2.004	4.176	1.257	0.774	4.322	3.286	1.097	3.377	3.301	]
[8.313	9.145	6.085	3.252	4.133	4.286	3.275	7.759	1.381	4.697	10.059	4.563	3.926	9.373	11.498	5.028	2.451	3.218	7.658	10.477	4.308	9.640	5.154	0.721	3.043	5.085	4.484	8.472	7.132	6.473	7.822	9.961	5.918	6.866	7.520	3.697	4.196	5.272	3.891	0.000	0.513	8.340	9.656	3.548	7.022	0.986	5.735	8.580	3.978	8.867	7.067	3.672	8.346	10.130	3.197	5.353	2.594	9.404	6.523	2.863	5.698	3.312	5.158	8.450	1.552	7.697	9.021	9.916	2.302	3.495	7.507	5.194	1.047	2.644	3.734	7.801	0.611	3.880	6.753	5.398	]
[7.814	8.770	5.617	2.740	3.646	3.775	3.253	7.442	0.972	4.192	9.703	4.078	3.415	9.034	11.077	4.521	1.945	2.988	7.254	10.015	3.806	9.132	4.736	0.212	2.531	4.615	4.064	7.964	6.697	5.991	7.311	9.473	5.504	6.810	7.007	3.357	3.720	4.808	3.480	0.513	0.000	8.051	9.268	3.052	6.523	1.133	5.277	8.157	3.496	8.382	6.848	3.278	7.869	9.747	2.808	5.118	2.492	8.975	6.416	2.762	5.195	3.100	4.667	7.943	1.743	7.214	8.508	9.482	2.242	3.111	7.205	4.909	0.943	2.224	3.268	7.508	0.408	3.396	6.257	5.260	]
[9.173	2.044	4.443	7.047	8.039	7.179	5.690	0.820	7.103	5.980	2.279	5.402	6.575	1.490	4.675	6.091	6.863	5.141	2.531	5.162	7.612	9.306	9.641	7.902	7.202	4.855	4.461	6.708	3.349	8.983	6.742	5.988	3.409	3.868	7.176	4.722	5.387	4.650	4.866	8.340	8.051	0.000	2.631	7.751	5.566	9.183	9.247	3.076	5.605	5.341	1.704	4.951	4.806	2.827	9.029	3.067	10.120	3.548	3.289	5.715	7.903	5.069	5.386	8.747	9.792	9.585	7.984	3.950	10.006	9.203	0.877	3.146	8.885	5.987	5.505	0.548	7.746	5.689	5.383	3.577	]
[8.006	0.629	4.201	7.522	8.162	7.274	7.612	2.467	8.298	6.058	0.984	5.683	6.869	1.296	2.118	6.008	7.669	6.709	2.047	2.673	7.680	7.734	9.550	9.083	7.731	5.045	5.227	5.190	2.826	8.397	5.485	3.803	3.798	6.459	6.066	5.988	5.860	4.812	5.793	9.656	9.268	2.631	0.000	8.069	4.637	10.348	8.927	1.469	6.111	3.528	4.196	5.991	3.225	0.499	9.481	5.011	10.918	1.263	5.821	7.450	7.495	6.691	5.378	7.476	10.936	8.675	6.417	1.455	10.882	9.579	2.848	4.791	9.958	7.048	6.176	2.801	9.046	6.215	4.598	5.831	]
[4.767	7.728	3.886	0.785	0.624	0.946	5.107	6.975	2.727	2.026	8.761	2.417	1.209	8.268	9.489	2.168	1.580	4.034	6.060	8.036	0.786	6.126	2.176	2.868	0.772	3.042	3.315	5.318	5.245	2.958	4.612	7.168	4.445	8.023	4.184	3.580	2.365	3.275	3.052	3.548	3.052	7.751	8.069	0.000	4.171	3.496	2.372	6.698	2.149	6.158	7.135	3.109	5.790	8.568	1.430	5.553	3.139	7.399	7.400	4.455	2.160	4.191	2.705	4.928	3.860	4.176	5.633	7.829	3.237	1.510	6.884	5.056	2.990	2.532	2.303	7.224	3.239	2.069	3.986	6.226	]
[3.608	4.544	1.493	3.956	4.015	3.231	6.662	4.772	5.717	2.346	5.542	2.506	3.204	5.346	5.556	2.063	4.582	5.331	3.095	3.911	3.537	3.924	5.104	6.311	4.196	2.163	3.214	1.637	2.218	3.765	1.288	3.012	2.667	7.839	1.613	4.377	2.914	2.092	3.685	7.022	6.523	5.566	4.637	4.171	0.000	7.350	4.369	3.171	3.091	1.989	5.937	3.971	1.693	5.097	5.565	5.200	7.305	3.624	7.070	6.146	2.946	5.426	1.885	3.199	7.832	4.097	2.711	3.937	7.380	5.564	4.918	4.602	6.863	4.596	3.407	5.204	6.492	3.178	0.311	6.260	]
[8.204	9.864	6.575	3.419	4.005	4.358	4.259	8.567	2.087	5.004	10.809	4.995	4.157	10.150	12.115	5.299	2.814	4.114	8.320	10.974	4.282	9.608	4.726	1.285	3.184	5.574	5.125	8.698	7.723	6.266	8.017	10.343	6.564	7.848	7.645	4.480	4.674	5.780	4.555	0.986	1.133	9.183	10.348	3.496	7.350	0.000	5.431	9.197	4.435	9.268	7.975	4.370	8.788	10.831	2.755	6.248	1.700	10.003	7.492	3.828	5.640	4.222	5.549	8.409	0.610	7.482	9.117	10.501	1.381	3.026	8.334	6.041	0.507	3.303	4.255	8.639	1.478	4.331	7.103	6.353	]
[3.011	8.735	4.876	3.063	1.754	2.276	7.454	8.430	5.084	3.312	9.769	3.954	3.011	9.435	9.910	3.157	3.946	6.312	7.116	8.155	1.907	4.542	0.962	5.118	3.124	4.413	5.124	4.791	6.206	0.999	4.106	6.960	5.840	10.161	3.480	5.715	4.128	4.604	5.062	5.735	5.277	9.247	8.927	2.372	4.369	5.431	0.000	7.463	4.002	6.173	8.966	5.199	6.036	9.407	2.694	7.552	4.413	7.987	9.487	6.800	1.433	6.466	3.862	3.406	5.617	2.102	4.544	8.305	4.658	2.461	8.430	6.990	4.961	4.839	4.292	8.765	5.525	3.967	4.348	8.356	]
[6.601	1.435	2.812	6.200	6.752	5.869	6.923	2.516	7.202	4.674	2.381	4.362	5.515	2.315	2.920	4.593	6.443	5.853	1.037	2.334	6.266	6.451	8.101	7.962	6.419	3.726	4.097	3.857	1.487	6.928	4.076	2.918	2.666	6.501	4.634	5.022	4.588	3.497	4.690	8.580	8.157	3.076	1.469	6.698	3.171	9.197	7.463	0.000	4.839	2.312	4.226	4.922	1.871	1.944	8.123	4.509	9.635	0.844	5.778	6.652	6.030	5.865	3.994	6.091	9.768	7.230	5.120	1.377	9.623	8.203	2.846	4.133	8.779	5.938	4.955	2.972	7.976	4.945	3.128	5.486	]
[5.330	5.709	2.140	1.458	2.498	1.733	3.905	4.834	2.638	0.986	6.724	0.589	1.022	6.182	7.733	1.352	1.627	2.589	4.066	6.540	2.141	6.323	4.161	3.286	1.641	1.140	1.176	4.641	3.352	4.132	4.065	5.985	2.360	6.172	3.931	1.789	0.251	1.355	1.074	3.978	3.496	5.605	6.111	2.149	3.091	4.435	4.002	4.839	0.000	4.890	5.035	1.262	4.374	6.608	3.454	3.551	4.809	5.615	5.487	3.300	2.993	2.724	1.206	5.239	4.978	5.160	5.417	6.096	4.785	3.608	4.736	3.001	3.985	1.519	0.374	5.076	3.422	0.106	2.805	4.373	]
[4.601	3.702	2.851	5.911	5.996	5.220	8.035	4.688	7.521	4.280	4.512	4.305	5.158	4.600	3.815	4.029	6.466	6.771	2.907	1.983	5.521	4.206	6.983	8.171	6.151	3.809	4.677	1.711	2.464	5.422	2.179	1.103	3.596	8.434	2.826	5.823	4.677	3.653	5.240	8.867	8.382	5.341	3.528	6.158	1.989	9.268	6.173	2.312	4.890	0.000	6.256	5.522	0.644	3.882	7.553	6.059	9.290	2.285	7.674	7.607	4.802	6.835	3.723	4.033	9.771	5.409	2.893	2.372	9.359	7.548	4.963	5.538	8.790	6.324	5.155	5.155	8.309	4.988	2.186	7.124	]
[9.449	3.571	4.555	6.370	7.532	6.745	4.152	1.766	5.952	5.661	3.973	5.012	6.056	3.177	6.297	5.868	5.980	3.861	3.364	6.508	7.166	9.847	9.196	6.725	6.480	4.607	3.866	7.340	3.895	8.887	7.209	7.085	3.348	2.292	7.519	3.708	4.867	4.456	4.088	7.067	6.848	1.704	4.196	7.135	5.937	7.975	8.966	4.226	5.035	6.256	0.000	4.078	5.645	4.465	8.263	1.735	9.104	4.884	1.625	4.288	7.748	3.757	5.194	9.109	8.581	9.674	8.576	5.357	8.946	8.478	1.398	2.097	7.741	4.995	4.833	1.395	6.502	5.097	5.689	1.929	]
[6.567	5.495	2.675	2.327	3.582	2.926	2.731	4.263	2.308	2.217	6.441	1.639	2.189	5.796	7.835	2.566	1.926	1.390	3.986	6.927	3.300	7.490	5.250	3.096	2.414	1.808	0.860	5.596	3.505	5.386	5.097	6.622	2.256	4.964	5.056	0.528	1.255	1.903	0.287	3.672	3.278	4.951	5.991	3.109	3.971	4.370	5.199	4.922	1.262	5.522	4.078	0.000	4.933	6.469	4.186	2.446	5.171	5.755	4.310	2.179	4.253	1.508	2.204	6.443	4.968	6.422	6.501	6.275	5.065	4.402	4.077	1.981	4.010	1.071	0.919	4.404	3.063	1.265	3.663	3.159	]
[4.784	3.302	2.280	5.479	5.684	4.867	7.409	4.120	6.987	3.844	4.194	3.797	4.731	4.185	3.874	3.629	5.976	6.157	2.321	2.246	5.199	4.581	6.793	7.660	5.717	3.265	4.080	1.987	1.823	5.362	2.269	1.702	2.958	7.805	2.876	5.214	4.150	3.092	4.653	8.346	7.869	4.806	3.225	5.790	1.693	8.788	6.036	1.871	4.374	0.644	5.645	4.933	0.000	3.631	7.206	5.416	8.898	2.060	7.043	6.993	4.626	6.216	3.243	4.251	9.306	5.495	3.250	2.289	8.949	7.223	4.378	4.894	8.319	5.770	4.617	4.586	7.778	4.475	1.814	6.480	]
[8.414	1.010	4.698	8.021	8.659	7.771	8.021	2.792	8.776	6.557	0.762	6.183	7.368	1.369	1.848	6.504	8.162	7.153	2.543	2.790	8.176	8.080	10.038	9.563	8.230	5.545	5.714	5.570	3.325	8.861	5.900	4.044	4.289	6.692	6.493	6.453	6.358	5.311	6.276	10.130	9.747	2.827	0.499	8.568	5.097	10.831	9.407	1.944	6.608	3.882	4.465	6.469	3.631	0.000	9.980	5.398	11.415	1.598	6.085	7.881	7.974	7.130	5.876	7.873	11.421	9.109	6.774	1.639	11.377	10.078	3.167	5.211	10.445	7.530	6.670	3.075	9.519	6.712	5.069	6.174	]
[5.583	9.123	5.311	1.997	1.597	2.339	5.622	8.275	2.962	3.455	10.151	3.804	2.612	9.632	10.920	3.595	2.310	4.796	7.459	9.452	2.043	7.057	1.978	2.696	1.827	4.439	4.569	6.603	6.662	3.586	5.886	8.539	5.804	8.876	5.393	4.581	3.692	4.673	4.201	3.197	2.808	9.029	9.481	1.430	5.565	2.755	2.694	8.123	3.454	7.553	8.263	4.186	7.206	9.980	0.000	6.599	1.847	8.829	8.322	5.001	3.175	4.949	4.131	5.866	2.924	4.777	6.761	9.259	2.030	0.304	8.154	6.167	2.308	3.347	3.523	8.491	3.138	3.361	5.396	7.125	]
[8.455	4.398	3.710	4.773	6.005	5.283	2.654	2.661	4.217	4.328	5.098	3.666	4.561	4.326	7.104	4.599	4.296	2.136	3.482	6.830	5.685	9.090	7.677	4.992	4.857	3.417	2.456	6.771	3.601	7.605	6.481	7.049	2.562	2.709	6.657	2.019	3.429	3.332	2.516	5.353	5.118	3.067	5.011	5.553	5.200	6.248	7.552	4.509	3.551	6.059	1.735	2.446	5.416	5.398	6.599	0.000	7.374	5.312	1.972	2.648	6.453	2.042	3.999	8.204	6.855	8.517	7.910	5.839	7.212	6.829	2.327	0.612	6.006	3.287	3.288	2.561	4.779	3.593	4.909	1.074	]
[7.381	10.501	6.859	3.451	3.428	4.084	5.742	9.428	3.200	5.066	11.501	5.276	4.181	10.911	12.501	5.271	3.288	5.317	8.872	11.141	3.846	8.876	3.550	2.526	3.223	5.909	5.767	8.425	8.150	5.362	7.711	10.306	7.141	9.275	7.233	5.429	5.060	6.138	5.277	2.594	2.492	10.120	10.918	3.139	7.305	1.700	4.413	9.635	4.809	9.290	9.104	5.171	8.898	11.415	1.847	7.374	0.000	10.388	8.841	5.225	5.021	5.449	5.712	7.692	1.482	6.514	8.608	10.848	0.337	1.991	9.248	7.058	1.568	4.142	4.757	9.573	2.899	4.705	7.110	7.661	]
[6.829	1.587	3.532	6.941	7.409	6.539	7.759	3.126	8.025	5.374	2.244	5.114	6.236	2.463	2.118	5.258	7.231	6.696	1.869	1.629	6.920	6.487	8.680	8.778	7.166	4.487	4.922	3.974	2.280	7.377	4.326	2.561	3.500	7.176	4.935	5.864	5.366	4.263	5.518	9.404	8.975	3.548	1.263	7.399	3.624	10.003	7.987	0.844	5.615	2.285	4.884	5.755	2.060	1.598	8.829	5.312	10.388	0.000	6.475	7.494	6.557	6.708	4.701	6.282	10.569	7.555	5.178	0.535	10.388	8.893	3.487	4.958	9.577	6.760	5.752	3.553	8.802	5.721	3.645	6.262	]
[10.411	5.196	5.600	6.615	7.891	7.211	3.301	3.380	5.644	6.295	5.567	5.634	6.480	4.777	7.921	6.571	6.019	3.558	4.849	8.090	7.601	10.987	9.557	6.338	6.669	5.384	4.423	8.586	5.233	9.572	8.357	8.571	4.403	0.771	8.578	3.821	5.382	5.290	4.426	6.523	6.416	3.289	5.821	7.400	7.070	7.492	9.487	5.778	5.487	7.674	1.625	4.310	7.043	6.085	8.322	1.972	8.841	6.475	0.000	3.664	8.419	3.413	5.969	10.141	8.074	10.489	9.771	6.960	8.631	8.575	3.004	2.577	7.354	4.977	5.198	3.020	6.028	5.520	6.791	1.198	]
[8.606	6.871	4.797	3.738	5.053	4.662	0.653	5.255	2.089	4.285	7.669	3.781	3.974	6.921	9.466	4.653	2.881	0.836	5.632	8.837	4.935	9.621	6.592	2.701	3.686	3.984	2.956	7.774	5.385	7.199	7.273	8.695	4.105	4.052	7.208	1.790	3.372	4.063	2.463	2.863	2.762	5.715	7.450	4.455	6.146	3.828	6.800	6.652	3.300	7.607	4.288	2.179	6.993	7.881	5.001	2.648	5.225	7.494	3.664	0.000	6.132	0.791	4.373	8.537	4.413	8.329	8.670	8.029	4.996	5.286	4.947	2.677	3.704	1.981	2.926	5.202	2.368	3.261	5.836	2.538	]
[2.621	7.311	3.486	2.549	1.645	1.503	6.773	7.083	4.746	2.125	8.343	2.787	2.159	8.026	8.499	1.880	3.485	5.518	5.705	6.782	1.390	3.969	2.182	5.003	2.710	3.143	3.997	3.552	4.791	1.152	2.839	5.653	4.518	9.129	2.272	4.781	3.054	3.309	4.062	5.698	5.195	7.903	7.495	2.160	2.946	5.640	1.433	6.030	2.993	4.802	7.748	4.253	4.626	7.974	3.175	6.453	5.021	6.557	8.419	6.132	0.000	5.664	2.561	2.770	5.963	2.197	3.587	6.883	5.195	3.057	7.108	5.864	5.136	4.161	3.339	7.438	5.348	2.989	2.915	7.344	]
[8.053	6.122	4.044	3.427	4.753	4.245	1.236	4.556	2.250	3.703	6.946	3.146	3.524	6.213	8.691	4.061	2.684	0.157	4.848	8.046	4.565	8.997	6.364	2.990	3.424	3.276	2.215	7.061	4.595	6.770	6.587	7.918	3.316	3.929	6.562	1.049	2.753	3.335	1.776	3.312	3.100	5.069	6.691	4.191	5.426	4.222	6.466	5.865	2.724	6.835	3.757	1.508	6.216	7.130	4.949	2.042	5.449	6.708	3.413	0.791	5.664	0.000	3.708	7.945	4.826	7.855	8.000	7.242	5.258	5.215	4.268	1.959	4.012	1.662	2.354	4.541	2.746	2.704	5.115	2.220	]
[4.484	5.069	1.182	2.263	2.794	1.903	4.935	4.571	3.837	0.681	6.109	0.624	1.537	5.676	6.802	0.706	2.744	3.594	3.401	5.458	2.321	5.300	4.292	4.455	2.496	0.592	1.616	3.450	2.552	3.694	2.906	4.808	1.978	6.706	2.855	2.677	1.039	0.748	1.933	5.158	4.667	5.386	5.378	2.705	1.885	5.549	3.862	3.994	1.206	3.723	5.194	2.204	3.243	5.876	4.131	3.999	5.712	4.701	5.969	4.373	2.561	3.708	0.000	4.293	6.063	4.526	4.298	5.144	5.738	4.210	4.569	3.392	5.077	2.716	1.531	4.903	4.616	1.294	1.601	4.971	]
[0.609	7.524	4.567	5.236	4.407	4.179	9.143	7.963	7.421	4.253	8.444	4.806	4.691	8.385	7.771	3.888	6.146	7.817	6.239	5.816	4.149	1.200	4.368	7.746	5.424	4.831	5.907	2.322	5.400	2.407	2.026	4.384	5.782	10.900	1.592	6.944	5.192	4.881	6.191	8.450	7.943	8.747	7.476	4.928	3.199	8.409	3.406	6.091	5.239	4.033	9.109	6.443	4.251	7.873	5.866	8.204	7.692	6.282	10.141	8.537	2.770	7.945	4.293	0.000	8.719	1.656	1.373	6.405	7.896	5.701	8.116	7.592	7.906	6.649	5.613	8.400	8.070	5.276	3.424	9.223	]
[8.477	10.458	7.117	3.879	4.318	4.762	4.820	9.174	2.694	5.494	11.408	5.527	4.629	10.753	12.683	5.772	3.351	4.721	8.904	11.507	4.641	9.917	4.841	1.893	3.641	6.118	5.710	9.134	8.290	6.501	8.442	10.836	7.146	8.413	8.041	5.087	5.221	6.330	5.146	1.552	1.743	9.792	10.936	3.860	7.832	0.610	5.617	9.768	4.978	9.771	8.581	4.968	9.306	11.421	2.924	6.855	1.482	10.569	8.074	4.413	5.963	4.826	6.063	8.719	0.000	7.700	9.492	11.062	1.146	3.162	8.943	6.651	0.993	3.898	4.817	9.248	2.080	4.873	7.596	6.945	]
[1.089	8.631	5.174	4.697	3.569	3.683	8.970	8.772	6.872	4.233	9.610	4.881	4.355	9.442	9.217	3.927	5.635	7.710	7.178	7.302	3.485	2.593	3.004	7.037	4.830	5.115	6.082	3.750	6.278	1.224	3.242	5.921	6.342	11.219	2.620	6.948	5.193	5.236	6.214	7.697	7.214	9.585	8.675	4.176	4.097	7.482	2.102	7.230	5.160	5.409	9.674	6.422	5.495	9.109	4.777	8.517	6.514	7.555	10.489	8.329	2.197	7.855	4.526	1.656	7.700	0.000	3.013	7.752	6.759	4.557	8.862	7.914	6.998	6.356	5.516	9.174	7.414	5.164	4.226	9.457	]
[1.980	6.547	4.202	5.769	5.203	4.764	9.231	7.243	7.860	4.472	7.399	4.894	5.113	7.434	6.500	4.104	6.608	7.890	5.454	4.528	4.851	1.332	5.496	8.301	5.986	4.738	5.830	1.277	4.712	3.572	1.437	3.067	5.371	10.541	1.509	6.958	5.309	4.721	6.226	9.021	8.508	7.984	6.417	5.633	2.711	9.117	4.544	5.120	5.417	2.893	8.576	6.501	3.250	6.774	6.761	7.910	8.608	5.178	9.771	8.670	3.587	8.000	4.298	1.373	9.492	3.013	0.000	5.230	8.776	6.640	7.448	7.312	8.610	6.918	5.780	7.700	8.574	5.479	3.004	8.970	]
[6.971	1.925	3.989	7.397	7.810	6.951	8.294	3.592	8.536	5.810	2.371	5.582	6.681	2.740	1.660	5.673	7.718	7.230	2.404	1.228	7.321	6.512	9.030	9.283	7.625	4.962	5.436	4.083	2.785	7.651	4.510	2.405	4.022	7.649	5.139	6.392	5.849	4.741	6.034	9.916	9.482	3.950	1.455	7.829	3.937	10.501	8.305	1.377	6.096	2.372	5.357	6.275	2.289	1.639	9.259	5.839	10.848	0.535	6.960	8.029	6.883	7.242	5.144	6.405	11.062	7.752	5.230	0.000	10.856	9.313	3.960	5.492	10.069	7.272	6.246	4.002	9.315	6.202	3.992	6.779	]
[7.603	10.450	6.868	3.476	3.577	4.181	5.494	9.328	3.010	5.107	11.440	5.275	4.219	10.835	12.505	5.331	3.221	5.130	8.835	11.186	3.972	9.085	3.819	2.296	3.242	5.902	5.698	8.548	8.136	5.592	7.839	10.389	7.092	9.047	7.378	5.295	5.036	6.128	5.189	2.302	2.242	10.006	10.882	3.237	7.380	1.381	4.658	9.623	4.785	9.359	8.946	5.065	8.949	11.377	2.030	7.212	0.337	10.388	8.631	4.996	5.195	5.258	5.738	7.896	1.146	6.759	8.776	10.856	0.000	2.209	9.136	6.919	1.302	4.018	4.708	9.458	2.646	4.680	7.174	7.459	]
[5.395	9.237	5.392	2.156	1.554	2.365	5.911	8.440	3.258	3.529	10.269	3.922	2.717	9.768	10.972	3.640	2.556	5.061	7.570	9.466	2.028	6.885	1.700	3.001	2.009	4.551	4.743	6.538	6.755	3.382	5.819	8.514	5.940	9.138	5.304	4.812	3.838	4.784	4.402	3.495	3.111	9.203	9.579	1.510	5.564	3.026	2.461	8.203	3.608	7.548	8.478	4.402	7.223	10.078	0.304	6.829	1.991	8.893	8.575	5.286	3.057	5.215	4.210	5.701	3.162	4.557	6.640	9.313	2.209	0.000	8.330	6.382	2.590	3.598	3.703	8.668	3.442	3.519	5.410	7.379	]
[8.512	2.219	3.691	6.174	7.183	6.330	4.980	0.381	6.250	5.143	2.787	4.551	5.714	2.004	4.965	5.273	5.987	4.329	2.058	5.112	6.763	8.752	8.797	7.051	6.327	4.023	3.586	6.184	2.741	8.207	6.144	5.736	2.593	3.690	6.530	3.863	4.522	3.826	3.990	7.507	7.205	0.877	2.848	6.884	4.918	8.334	8.430	2.846	4.736	4.963	1.398	4.077	4.378	3.167	8.154	2.327	9.248	3.487	3.004	4.947	7.108	4.268	4.569	8.116	8.943	8.862	7.448	3.960	9.136	8.330	0.000	2.319	8.027	5.119	4.630	0.341	6.908	4.819	4.709	3.010	]
[7.844	4.202	3.110	4.285	5.481	4.732	2.827	2.598	3.969	3.740	4.994	3.077	4.020	4.254	6.843	4.002	3.889	2.012	3.097	6.423	5.141	8.483	7.152	4.764	4.387	2.808	1.873	6.186	3.100	7.016	5.880	6.553	1.988	3.319	6.048	1.631	2.862	2.721	2.004	5.194	4.909	3.146	4.791	5.056	4.602	6.041	6.990	4.133	3.001	5.538	2.097	1.981	4.894	5.211	6.167	0.612	7.058	4.958	2.577	2.677	5.864	1.959	3.392	7.592	6.651	7.914	7.312	5.492	6.919	6.382	2.319	0.000	5.759	2.923	2.764	2.607	4.599	3.051	4.308	1.658	]
[7.706	9.488	6.124	2.922	3.504	3.852	4.193	8.245	1.793	4.519	10.448	4.536	3.665	9.805	11.692	4.807	2.358	3.892	7.922	10.516	3.776	9.105	4.286	1.022	2.686	5.125	4.732	8.198	7.299	5.780	7.515	9.861	6.165	7.753	7.139	4.165	4.228	5.337	4.176	1.047	0.943	8.885	9.958	2.990	6.863	0.507	4.961	8.779	3.985	8.790	7.741	4.010	8.319	10.445	2.308	6.006	1.568	9.577	7.354	3.704	5.136	4.012	5.077	7.906	0.993	6.998	8.610	10.069	1.302	2.590	8.027	5.759	0.000	2.939	3.825	8.339	1.345	3.879	6.621	6.192	]
[6.676	6.561	3.491	1.780	3.106	2.682	2.630	5.320	1.265	2.448	7.511	2.092	2.007	6.866	8.857	2.819	1.042	1.504	5.030	7.855	2.958	7.771	4.704	2.035	1.763	2.515	1.842	6.160	4.488	5.219	5.582	7.425	3.281	5.550	5.421	1.292	1.682	2.678	1.257	2.644	2.224	5.987	7.048	2.532	4.596	3.303	4.839	5.938	1.519	6.324	4.995	1.071	5.770	7.530	3.347	3.287	4.142	6.760	4.977	1.981	4.161	1.662	2.716	6.649	3.898	6.356	6.918	7.272	4.018	3.598	5.119	2.923	2.939	0.000	1.188	5.440	2.045	1.446	4.303	3.782	]
[5.702	5.745	2.351	1.553	2.718	2.016	3.531	4.757	2.370	1.360	6.744	0.908	1.282	6.169	7.867	1.726	1.494	2.218	4.129	6.748	2.403	6.696	4.391	3.062	1.697	1.353	1.046	4.980	3.474	4.469	4.418	6.255	2.385	5.869	4.298	1.445	0.493	1.540	0.774	3.734	3.268	5.505	6.176	2.303	3.407	4.255	4.292	4.955	0.374	5.155	4.833	0.919	4.617	6.670	3.523	3.288	4.757	5.752	5.198	2.926	3.339	2.354	1.531	5.613	4.817	5.516	5.780	6.246	4.708	3.703	4.630	2.764	3.825	1.188	0.000	4.968	3.160	0.351	3.114	4.065	]
[8.805	2.178	4.008	6.513	7.524	6.670	5.203	0.467	6.558	5.481	2.625	4.891	6.055	1.829	4.903	5.608	6.318	4.609	2.269	5.182	7.103	9.011	9.136	7.357	6.665	4.360	3.925	6.430	3.008	8.533	6.415	5.884	2.926	3.666	6.817	4.175	4.862	4.161	4.322	7.801	7.508	0.548	2.801	7.224	5.204	8.639	8.765	2.972	5.076	5.155	1.395	4.404	4.586	3.075	8.491	2.561	9.573	3.553	3.020	5.202	7.438	4.541	4.903	8.400	9.248	9.174	7.700	4.002	9.458	8.668	0.341	2.607	8.339	5.440	4.968	0.000	7.205	5.158	5.003	3.156	]
[7.969	8.534	5.508	2.836	3.849	3.891	2.848	7.157	0.791	4.189	9.450	4.011	3.462	8.766	10.893	4.532	1.967	2.643	7.049	9.892	3.964	9.250	5.031	0.443	2.647	4.513	3.881	7.974	6.533	6.195	7.339	9.406	5.312	6.412	7.067	3.088	3.633	4.694	3.286	0.611	0.408	7.746	9.046	3.239	6.492	1.478	5.525	7.976	3.422	8.309	6.502	3.063	7.778	9.519	3.138	4.779	2.899	8.802	6.028	2.368	5.348	2.746	4.616	8.070	2.080	7.414	8.574	9.315	2.646	3.442	6.908	4.599	1.345	2.045	3.160	7.205	0.000	3.328	6.216	4.880	]
[5.356	5.811	2.245	1.365	2.436	1.692	3.872	4.922	2.545	1.027	6.825	0.683	0.969	6.279	7.839	1.397	1.521	2.565	4.170	6.644	2.092	6.369	4.104	3.186	1.544	1.246	1.247	4.719	3.457	4.121	4.135	6.081	2.459	6.199	3.987	1.793	0.357	1.461	1.097	3.880	3.396	5.689	6.215	2.069	3.178	4.331	3.967	4.945	0.106	4.988	5.097	1.265	4.475	6.712	3.361	3.593	4.705	5.721	5.520	3.261	2.989	2.704	1.294	5.276	4.873	5.164	5.479	6.202	4.680	3.519	4.819	3.051	3.879	1.446	0.351	5.158	3.328	0.000	2.894	4.398	]
[3.803	4.463	1.199	3.728	3.871	3.057	6.351	4.581	5.438	2.102	5.477	2.218	2.975	5.239	5.632	1.843	4.321	5.021	2.953	4.057	3.386	4.196	5.040	6.045	3.968	1.855	2.904	1.948	2.053	3.806	1.572	3.241	2.391	7.559	1.833	4.066	2.621	1.781	3.377	6.753	6.257	5.383	4.598	3.986	0.311	7.103	4.348	3.128	2.805	2.186	5.689	3.663	1.814	5.069	5.396	4.909	7.110	3.645	6.791	5.836	2.915	5.115	1.601	3.424	7.596	4.226	3.004	3.992	7.174	5.410	4.709	4.308	6.621	4.303	3.114	5.003	6.216	2.894	0.000	5.966	]
