N=80;
nK1=31;
nK2=29;
nK3=20;
K1=[3 	4 	7 	9 	12 	15 	19 	20 	21 	22 	23 	24 	28 	30 	34 	40 	41 	46 	49 	51 	53 	57 	60 	62 	66 	67 	68 	69 	74 	75 	77 	];
K2=[1 	2 	6 	11 	13 	14 	16 	17 	25 	26 	33 	35 	36 	39 	42 	44 	45 	47 	48 	50 	61 	63 	65 	70 	71 	72 	76 	78 	79 	];
K3=[5 	8 	10 	18 	27 	29 	31 	32 	37 	38 	43 	52 	54 	55 	56 	58 	59 	64 	73 	80 	];
DG=[4.940000e+01	5.980000e+01	52	2.860000e+01	2.860000e+01	6.110000e+01	5.850000e+01	4.940000e+01	4.030000e+01	3.510000e+01	4.680000e+01	4.290000e+01	5.720000e+01	4.680000e+01	3.510000e+01	5.980000e+01	4.810000e+01	6.370000e+01	5.590000e+01	5.850000e+01	3.770000e+01	4.680000e+01	26	5.850000e+01	5.590000e+01	4.550000e+01	5.980000e+01	3.380000e+01	3.380000e+01	2.990000e+01	4.290000e+01	2.730000e+01	3.510000e+01	6.110000e+01	52	3.250000e+01	52	2.860000e+01	5.330000e+01	4.420000e+01	4.290000e+01	3.770000e+01	6.240000e+01	5.720000e+01	4.810000e+01	2.730000e+01	5.980000e+01	2.730000e+01	4.290000e+01	4.160000e+01	4.550000e+01	5.850000e+01	3.640000e+01	3.770000e+01	5.980000e+01	4.810000e+01	3.510000e+01	6.240000e+01	4.030000e+01	2.730000e+01	6.240000e+01	4.160000e+01	6.240000e+01	52	39	5.460000e+01	4.940000e+01	6.370000e+01	6.370000e+01	5.070000e+01	4.550000e+01	6.370000e+01	3.120000e+01	5.330000e+01	52	3.120000e+01	3.250000e+01	2.860000e+01	2.860000e+01	3.120000e+01	];
LOAD=[38	46	40	22	22	47	45	38	31	27	36	33	44	36	27	46	37	49	43	45	29	36	20	45	43	35	46	26	26	23	33	21	27	47	40	25	40	22	41	34	33	29	48	44	37	21	46	21	33	32	35	45	28	29	46	37	27	48	31	21	48	32	48	40	30	42	38	49	49	39	35	49	24	41	40	24	25	22	22	24	];
DIST=[[0.000	3.692	1.977	3.935	3.797	5.715	2.120	3.206	3.102	0.709	2.484	2.935	1.588	3.962	5.955	6.965	3.364	3.000	1.985	3.758	4.187	2.943	4.407	5.566	0.329	1.658	6.131	3.166	7.419	5.405	0.686	5.441	1.031	3.328	2.166	5.400	2.780	1.569	3.843	4.607	2.439	2.904	5.935	2.655	3.791	3.389	1.823	5.492	4.540	4.158	5.046	1.545	4.249	6.436	4.029	0.335	4.618	2.209	1.765	4.984	1.247	7.239	3.981	3.821	3.337	6.883	3.335	5.421	3.601	2.323	6.453	3.652	6.119	3.603	6.693	5.819	2.909	5.603	3.714	1.040	]
[3.692	0.000	3.034	7.586	4.173	2.031	5.775	0.512	2.869	3.004	5.297	6.256	2.146	6.897	2.661	4.842	0.932	4.524	5.255	3.315	7.289	5.038	2.940	1.883	3.914	5.346	7.997	5.062	4.379	1.755	3.087	2.520	2.798	6.837	5.131	2.762	5.975	4.959	5.599	2.120	2.802	4.890	7.733	5.894	7.478	4.872	2.700	3.937	3.266	4.748	8.582	5.083	7.067	4.383	7.454	3.787	4.545	1.488	5.400	2.063	4.875	8.661	4.264	3.928	5.105	8.460	0.396	2.736	6.778	5.410	3.527	4.911	8.002	5.781	4.654	3.341	5.953	2.555	1.863	3.057	]
[1.977	3.034	0.000	5.044	5.146	4.939	3.387	2.544	1.157	1.532	4.450	4.863	1.418	5.936	5.678	7.449	2.276	1.598	3.951	1.785	6.142	2.014	2.532	4.651	1.920	3.287	8.031	2.071	7.358	4.740	1.984	5.407	2.080	5.148	2.227	3.749	4.741	3.525	5.655	3.018	0.513	4.722	7.819	3.041	5.267	5.095	2.898	3.557	2.615	2.377	5.816	2.597	6.226	6.935	4.626	1.774	2.693	2.027	3.012	4.925	2.571	9.067	5.313	1.882	5.124	8.739	2.644	3.785	3.843	4.299	6.453	2.141	8.021	2.768	7.210	4.072	4.884	5.495	4.032	0.967	]
[3.935	7.586	5.044	0.000	6.835	9.617	1.817	7.084	6.080	4.590	4.082	3.078	5.441	4.146	9.881	10.575	7.111	4.679	3.362	6.498	3.862	4.024	7.458	9.431	3.680	2.392	7.027	4.280	11.284	9.323	4.605	9.331	4.943	2.445	2.963	8.785	3.391	3.288	5.778	8.062	5.537	5.167	6.974	2.206	1.100	5.824	5.564	8.292	7.445	5.916	1.353	2.520	4.486	10.058	1.272	3.801	6.702	6.125	2.187	8.888	2.713	8.374	7.007	6.155	5.540	7.924	7.211	8.824	2.064	3.637	10.315	5.087	6.996	3.963	10.291	9.065	3.707	9.506	7.564	4.578	]
[3.797	4.173	5.146	6.835	0.000	5.394	5.318	4.066	5.885	3.744	2.867	4.087	3.790	3.934	4.598	3.950	4.706	6.600	3.482	6.561	4.450	6.690	6.693	5.560	4.111	4.584	3.953	6.883	5.274	4.989	3.322	3.805	3.109	4.872	5.950	6.910	3.710	3.565	1.866	6.197	5.366	1.801	3.679	6.321	6.139	1.260	2.248	7.823	6.966	7.520	8.159	5.114	3.913	3.488	7.412	4.129	7.722	3.505	5.114	3.608	4.744	4.492	0.185	6.925	1.626	4.314	4.133	6.891	7.231	3.275	4.415	7.222	3.966	7.384	3.666	7.479	3.474	4.047	2.483	4.317	]
[5.715	2.031	4.939	9.617	5.394	0.000	7.806	2.536	4.480	5.033	7.116	8.161	4.176	8.674	1.539	4.393	2.664	6.295	7.177	4.709	9.103	6.883	3.950	0.463	5.944	7.364	9.347	6.864	3.121	0.405	5.092	2.065	4.787	8.785	7.111	2.924	7.855	6.915	7.094	2.799	4.613	6.534	9.072	7.891	9.492	6.366	4.526	4.559	4.269	6.225	10.603	7.113	8.800	4.098	9.462	5.818	5.805	3.506	7.431	1.942	6.905	9.789	5.424	5.382	6.659	9.666	2.410	2.862	8.755	7.287	2.609	6.572	9.359	7.596	4.316	3.419	7.796	1.899	2.934	5.076	]
[2.120	5.775	3.387	1.817	5.318	7.806	0.000	5.276	4.497	2.775	2.867	2.337	3.633	3.608	8.071	8.894	5.334	3.434	2.057	5.006	3.554	2.931	5.891	7.629	1.864	0.741	6.381	3.215	9.502	7.508	2.794	7.537	3.135	2.167	1.697	7.128	2.480	1.801	4.619	6.376	3.897	3.836	6.261	1.372	1.884	4.478	3.802	6.828	5.927	4.749	2.966	0.790	3.965	8.371	2.095	1.988	5.452	4.309	0.385	7.088	0.902	7.671	5.499	4.787	4.261	7.248	5.403	7.162	2.059	2.445	8.534	3.984	6.357	3.205	8.613	7.457	2.780	7.707	5.783	2.801	]
[3.206	0.512	2.544	7.084	4.066	2.536	5.276	0.000	2.482	2.511	4.928	5.840	1.643	6.538	3.135	5.158	0.678	4.062	4.834	2.993	6.910	4.554	2.765	2.360	3.418	4.863	7.790	4.589	4.832	2.267	2.621	2.922	2.350	6.396	4.620	2.858	5.572	4.521	5.363	2.131	2.344	4.604	7.532	5.382	6.997	4.646	2.368	3.836	3.077	4.370	8.072	4.577	6.724	4.679	6.942	3.288	4.235	1.025	4.899	2.448	4.374	8.522	4.176	3.570	4.853	8.298	0.129	2.845	6.267	5.013	3.952	4.478	7.793	5.302	4.953	3.419	5.568	2.983	1.960	2.546	]
[3.102	2.869	1.157	6.080	5.885	4.480	4.497	2.482	0.000	2.566	5.544	6.013	2.120	7.062	5.492	7.635	1.949	1.857	5.086	0.695	7.284	2.518	1.394	4.117	3.071	4.439	9.043	2.441	7.230	4.368	2.992	5.385	2.999	6.304	3.154	2.735	5.880	4.665	6.627	2.094	0.664	5.712	8.820	3.969	6.381	6.016	3.683	2.402	1.458	1.888	6.732	3.707	7.343	7.147	5.524	2.923	1.853	2.441	4.131	4.919	3.712	10.020	6.038	1.105	6.089	9.713	2.536	2.781	4.657	5.421	6.395	2.094	9.037	3.169	7.423	2.985	6.010	5.423	4.322	2.065	]
[0.709	3.004	1.532	4.590	3.744	5.033	2.775	2.511	2.566	0.000	2.985	3.585	0.880	4.536	5.351	6.571	2.655	2.859	2.602	3.250	4.802	2.974	3.801	4.870	0.911	2.362	6.504	3.149	6.874	4.734	0.455	4.885	0.647	4.020	2.472	4.720	3.396	2.211	4.124	3.924	1.918	3.190	6.289	3.101	4.494	3.574	1.552	4.914	3.962	3.871	5.644	2.118	4.801	6.043	4.574	0.792	4.225	1.535	2.404	4.416	1.877	7.536	3.920	3.413	3.594	7.207	2.639	4.739	4.041	2.897	5.916	3.490	6.495	3.699	6.308	5.157	3.489	5.032	3.220	0.590	]
[2.484	5.297	4.450	4.082	2.867	7.116	2.867	4.928	5.544	2.985	0.000	1.230	3.662	1.613	6.823	6.786	5.333	5.392	0.811	6.218	1.994	5.180	6.776	7.111	2.629	2.156	3.715	5.440	7.881	6.737	2.592	6.113	2.708	2.010	4.093	7.568	0.855	1.154	1.756	6.768	4.887	1.099	3.547	4.145	3.291	1.750	2.606	7.897	6.946	6.614	5.432	3.011	1.834	6.301	4.861	2.747	7.102	3.947	2.813	5.765	2.673	4.918	3.022	6.305	1.459	4.525	5.045	7.576	4.924	0.447	6.946	6.040	3.699	5.705	6.500	8.051	0.692	6.334	4.382	3.490	]
[2.935	6.256	4.863	3.078	4.087	8.161	2.337	5.840	6.013	3.585	1.230	0.000	4.393	1.272	7.978	8.015	6.155	5.471	1.007	6.644	1.304	5.107	7.340	8.115	2.943	1.823	4.085	5.386	9.091	7.796	3.291	7.290	3.505	0.786	3.903	8.302	0.377	1.374	2.738	7.503	5.351	2.294	3.990	3.709	2.155	2.918	3.641	8.413	7.463	6.768	4.423	2.793	1.628	7.531	4.048	3.090	7.363	4.822	2.452	6.922	2.554	5.405	4.236	6.607	2.587	4.968	5.964	8.318	4.321	0.900	8.150	6.088	4.059	5.494	7.729	8.741	0.653	7.505	5.532	3.969	]
[1.588	2.146	1.418	5.441	3.790	4.176	3.633	1.643	2.120	0.880	3.662	4.393	0.000	5.258	4.599	6.095	1.784	2.995	3.392	2.811	5.565	3.301	3.163	3.998	1.778	3.242	6.981	3.413	6.192	3.891	1.103	4.205	0.960	4.872	3.094	3.923	4.173	3.028	4.543	3.122	1.576	3.650	6.748	3.810	5.374	3.908	1.565	4.306	3.373	3.751	6.449	2.939	5.496	5.575	5.341	1.646	3.936	0.741	3.256	3.725	2.731	7.914	3.949	3.135	4.004	7.620	1.770	3.935	4.725	3.644	5.251	3.558	6.976	4.059	5.848	4.392	4.229	4.328	2.676	0.960	]
[3.962	6.897	5.936	4.146	3.934	8.674	3.608	6.538	7.062	4.536	1.613	1.272	5.258	0.000	8.270	7.855	6.946	6.681	1.990	7.720	0.524	6.351	8.337	8.690	4.037	3.078	2.886	6.628	9.176	8.287	4.172	7.525	4.311	1.703	5.161	9.174	1.227	2.422	2.194	8.373	6.399	2.230	2.828	4.980	3.102	2.674	4.198	9.443	8.490	7.960	5.446	4.046	0.359	7.412	5.225	4.174	8.519	5.560	3.719	7.217	3.785	4.230	4.043	7.742	2.308	3.781	6.654	9.183	5.569	1.642	8.277	7.309	2.856	6.760	7.576	9.650	1.053	7.756	5.859	4.998	]
[5.955	2.661	5.678	9.881	4.598	1.539	8.071	3.135	5.492	5.351	6.823	7.978	4.599	8.270	0.000	2.864	3.547	7.185	7.057	5.855	8.745	7.689	5.246	1.981	6.236	7.521	8.484	7.721	1.745	1.333	5.277	0.801	4.937	8.678	7.687	4.403	7.635	6.876	6.430	4.148	5.463	6.048	8.207	8.408	9.584	5.737	4.408	5.988	5.577	7.343	10.991	7.466	8.337	2.606	9.921	6.136	7.035	3.860	7.720	1.058	7.199	8.753	4.580	6.505	6.073	8.687	3.041	4.345	9.324	7.078	1.074	7.562	8.501	8.437	2.806	4.926	7.515	0.559	2.446	5.558	]
[6.965	4.842	7.449	10.575	3.950	4.393	8.894	5.158	7.635	6.571	6.786	8.015	6.095	7.855	2.864	0.000	5.764	9.046	7.311	8.143	8.377	9.396	7.747	4.816	7.291	8.209	7.085	9.501	2.030	4.129	6.308	2.443	5.978	8.795	9.042	7.149	7.639	7.299	5.694	6.760	7.402	5.747	6.824	9.618	9.996	5.195	5.145	8.637	8.079	9.519	11.845	8.488	7.796	0.529	10.948	7.243	9.380	5.422	8.613	2.818	8.149	6.943	3.822	8.728	5.560	7.010	5.118	7.097	10.564	7.167	1.847	9.546	7.112	10.154	0.287	7.701	7.417	2.535	3.422	6.986	]
[3.364	0.932	2.276	7.111	4.706	2.664	5.334	0.678	1.949	2.655	5.333	6.155	1.784	6.946	3.547	5.764	0.000	3.670	5.149	2.384	7.288	4.229	2.089	2.380	3.522	5.005	8.359	4.227	5.282	2.484	2.869	3.450	2.656	6.654	4.470	2.283	5.915	4.800	5.917	1.514	1.961	5.115	8.106	5.265	7.128	5.212	2.864	3.160	2.403	3.821	8.012	4.591	7.155	5.298	6.847	3.379	3.617	1.398	4.950	2.995	4.438	9.134	4.822	2.997	5.395	8.897	0.669	2.280	6.106	5.370	4.450	4.017	8.360	4.955	5.571	2.821	5.944	3.478	2.634	2.535	]
[3.000	4.524	1.598	4.679	6.600	6.295	3.434	4.062	1.857	2.859	5.392	5.471	2.995	6.681	7.185	9.046	3.670	0.000	4.729	1.977	6.773	0.714	3.013	5.951	2.782	3.673	9.096	0.585	8.894	6.149	3.297	6.968	3.491	5.534	1.770	4.490	5.454	4.301	6.843	3.925	1.722	5.904	8.911	2.473	5.224	6.370	4.375	3.664	2.909	1.318	5.096	2.735	7.010	8.533	3.892	2.687	2.039	3.625	3.145	6.487	2.920	10.234	6.775	1.499	6.336	9.870	4.148	4.544	2.959	5.132	8.008	0.652	9.082	1.313	8.808	4.628	5.669	7.042	5.630	2.283	]
[1.985	5.255	3.951	3.362	3.482	7.177	2.057	4.834	5.086	2.602	0.811	1.007	3.392	1.990	7.057	7.311	5.149	4.729	0.000	5.736	2.205	4.460	6.386	7.120	2.047	1.348	4.454	4.728	8.249	6.817	2.290	6.395	2.498	1.624	3.331	7.308	0.796	0.434	2.563	6.508	4.422	1.825	4.303	3.341	2.684	2.481	2.675	7.477	6.524	5.990	4.700	2.230	2.298	6.809	4.070	2.184	6.531	3.815	2.008	6.007	1.910	5.693	3.650	5.753	2.228	5.288	4.959	7.323	4.113	0.418	7.294	5.368	4.434	4.948	7.025	7.757	0.947	6.602	4.619	3.025	]
[3.758	3.315	1.785	6.498	6.561	4.709	5.006	2.993	0.695	3.250	6.218	6.644	2.811	7.720	5.855	8.143	2.384	1.977	5.736	0.000	7.926	2.689	1.039	4.306	3.702	5.015	9.736	2.542	7.601	4.653	3.681	5.828	3.694	6.897	3.537	2.532	6.526	5.310	7.321	2.057	1.333	6.405	9.513	4.328	6.883	6.710	4.372	1.822	0.951	1.517	7.041	4.225	8.007	7.670	5.831	3.558	1.243	3.089	4.653	5.378	4.270	10.714	6.711	0.676	6.784	10.408	3.026	2.589	4.919	6.081	6.809	1.990	9.729	3.229	7.944	2.652	6.667	5.843	4.901	2.729	]
[4.187	7.289	6.142	3.862	4.450	9.103	3.554	6.910	7.284	4.802	1.994	1.304	5.565	0.524	8.745	8.377	7.288	6.773	2.205	7.926	0.000	6.394	8.591	9.104	4.224	3.112	3.192	6.675	9.680	8.721	4.466	8.008	4.636	1.475	5.179	9.488	1.408	2.620	2.718	8.687	6.621	2.724	3.171	4.916	2.783	3.191	4.599	9.679	8.727	8.072	5.121	4.079	0.714	7.932	5.003	4.368	8.666	5.916	3.717	7.689	3.854	4.542	4.562	7.906	2.825	4.087	7.030	9.500	5.429	1.922	8.776	7.387	3.159	6.750	8.097	9.948	1.344	8.236	6.322	5.227	]
[2.943	5.038	2.014	4.024	6.690	6.883	2.931	4.554	2.518	2.974	5.180	5.107	3.301	6.351	7.689	9.396	4.229	0.714	4.460	2.689	6.394	0.000	3.723	6.559	2.671	3.284	8.894	0.284	9.372	6.713	3.372	7.416	3.620	5.082	1.235	5.192	5.134	4.046	6.735	4.606	2.270	5.809	8.725	1.827	4.641	6.326	4.525	4.370	3.624	1.895	4.388	2.316	6.693	8.875	3.187	2.610	2.680	3.991	2.691	6.933	2.570	10.081	6.870	2.206	6.251	9.699	4.650	5.245	2.247	4.874	8.463	1.077	8.877	0.760	9.148	5.341	5.376	7.508	5.975	2.453	]
[4.407	2.940	2.532	7.458	6.693	3.950	5.891	2.765	1.394	3.801	6.776	7.340	3.163	8.337	5.246	7.747	2.089	3.013	6.386	1.039	8.591	3.723	0.000	3.515	4.414	5.818	10.134	3.581	6.977	3.964	4.185	5.345	4.116	7.669	4.512	1.502	7.182	5.975	7.688	1.162	2.020	6.810	9.897	5.317	7.775	7.028	4.636	1.148	0.333	2.428	8.054	5.102	8.600	7.307	6.843	4.263	1.872	3.202	5.524	4.932	5.100	11.021	6.824	1.648	7.151	10.747	2.753	1.562	5.943	6.697	6.260	3.007	10.131	4.265	7.574	1.625	7.289	5.320	4.723	3.371	]
[5.566	1.883	4.651	9.431	5.560	0.463	7.629	2.360	4.117	4.870	7.111	8.115	3.998	8.690	1.981	4.816	2.380	5.951	7.120	4.306	9.104	6.559	3.515	0.000	5.776	7.223	9.504	6.526	3.584	0.702	4.969	2.442	4.680	8.712	6.849	2.461	7.822	6.835	7.202	2.358	4.296	6.593	9.231	7.642	9.356	6.470	4.506	4.099	3.830	5.823	10.378	6.915	8.835	4.501	9.222	5.644	5.378	3.369	7.250	2.253	6.727	10.002	5.605	4.981	6.748	9.860	2.232	2.399	8.486	7.255	3.055	6.200	9.514	7.259	4.728	2.959	7.781	2.297	3.079	4.863	]
[0.329	3.914	1.920	3.680	4.111	5.944	1.864	3.418	3.071	0.911	2.629	2.943	1.778	4.037	6.236	7.291	3.522	2.782	2.047	3.702	4.224	2.671	4.414	5.776	0.000	1.488	6.317	2.905	7.721	5.644	0.996	5.738	1.339	3.262	1.843	5.480	2.829	1.615	4.076	4.696	2.410	3.144	6.130	2.328	3.607	3.656	2.151	5.472	4.525	3.985	4.756	1.238	4.340	6.762	3.719	0.152	4.491	2.445	1.495	5.278	0.969	7.454	4.295	3.707	3.583	7.088	3.546	5.505	3.274	2.417	6.757	3.434	6.303	3.309	7.019	5.875	2.990	5.896	4.025	1.063	]
[1.658	5.346	3.287	2.392	4.584	7.364	0.741	4.863	4.439	2.362	2.156	1.823	3.242	3.078	7.521	8.209	5.005	3.673	1.348	5.015	3.112	3.284	5.818	7.223	1.488	0.000	5.755	3.564	8.895	7.046	2.278	6.950	2.602	1.892	2.083	6.950	1.882	1.061	3.899	6.173	3.798	3.099	5.619	1.996	2.134	3.738	3.173	6.826	5.895	4.982	3.636	0.970	3.426	7.689	2.829	1.636	5.618	3.860	0.667	6.514	0.763	7.020	4.764	4.894	3.527	6.606	4.992	6.977	2.774	1.753	7.927	4.277	5.733	3.686	7.927	7.326	2.156	7.130	5.177	2.535	]
[6.131	7.997	8.031	7.027	3.953	9.347	6.381	7.790	9.043	6.504	3.715	4.085	6.981	2.886	8.484	7.085	8.359	9.096	4.454	9.736	3.192	8.894	10.134	9.504	6.317	5.755	0.000	9.155	8.851	8.941	6.061	7.683	6.050	4.588	7.785	10.636	3.901	4.853	2.450	9.871	8.414	3.334	0.277	7.737	5.966	3.147	5.521	11.281	10.354	10.289	8.309	6.681	2.541	6.783	8.107	6.423	10.721	6.999	6.421	7.538	6.363	1.350	3.932	9.911	2.984	0.897	7.880	10.628	8.402	4.036	8.122	9.746	0.039	9.401	6.849	11.179	3.605	7.925	6.426	7.066	]
[3.166	5.062	2.071	4.280	6.883	6.864	3.215	4.589	2.441	3.149	5.440	5.386	3.413	6.628	7.721	9.501	4.227	0.585	4.728	2.542	6.675	0.284	3.581	6.526	2.905	3.564	9.155	0.000	9.418	6.710	3.561	7.476	3.795	5.366	1.519	5.065	5.409	4.311	6.977	4.509	2.268	6.048	8.983	2.092	4.916	6.554	4.696	4.173	3.460	1.637	4.595	2.597	6.968	8.983	3.404	2.835	2.437	4.083	2.975	6.994	2.845	10.334	7.062	2.015	6.487	9.955	4.680	5.121	2.450	5.141	8.520	0.808	9.138	0.732	9.257	5.187	5.648	7.559	6.079	2.607	]
[7.419	4.379	7.358	11.284	5.274	3.121	9.502	4.832	7.230	6.874	7.881	9.091	6.192	9.176	1.745	2.030	5.282	8.894	8.249	7.601	9.680	9.372	6.977	3.584	7.721	8.895	8.851	9.418	0.000	3.021	6.734	1.991	6.388	9.837	9.284	6.045	8.727	8.135	7.133	5.861	7.174	6.960	8.580	9.969	10.877	6.520	5.723	7.671	7.306	9.086	12.459	8.959	9.180	2.126	11.439	7.636	8.778	5.453	9.171	2.468	8.664	8.854	5.198	8.250	6.881	8.878	4.747	5.983	10.902	8.198	0.969	9.290	8.875	10.125	2.157	6.534	8.558	1.868	3.721	7.149	]
[5.405	1.755	4.740	9.323	4.989	0.405	7.508	2.267	4.368	4.734	6.737	7.796	3.891	8.287	1.333	4.129	2.484	6.149	6.817	4.653	8.721	6.713	3.964	0.702	5.644	7.046	8.941	6.710	3.021	0.000	4.769	1.740	4.456	8.431	6.878	3.071	7.485	6.565	6.691	2.840	4.445	6.139	8.667	7.647	9.168	5.964	4.156	4.662	4.291	6.162	10.336	6.830	8.409	3.803	9.209	5.523	5.791	3.199	7.137	1.566	6.611	9.389	5.020	5.318	6.259	9.263	2.147	3.013	8.525	6.917	2.402	6.461	8.954	7.438	4.033	3.598	7.419	1.601	2.530	4.812	]
[0.686	3.087	1.984	4.605	3.322	5.092	2.794	2.621	2.992	0.455	2.592	3.291	1.103	4.172	5.277	6.308	2.869	3.297	2.290	3.681	4.466	3.372	4.185	4.969	0.996	2.278	6.061	3.561	6.734	4.769	0.000	4.756	0.346	3.791	2.758	5.023	3.071	1.931	3.672	4.222	2.354	2.740	5.843	3.312	4.400	3.119	1.194	5.311	4.362	4.326	5.730	2.228	4.422	5.779	4.712	0.935	4.676	1.601	2.446	4.300	1.932	7.083	3.501	3.864	3.140	6.757	2.750	5.037	4.259	2.547	5.768	3.933	6.053	4.080	6.038	5.483	3.135	4.919	3.030	1.044	]
[5.441	2.520	5.407	9.331	3.805	2.065	7.537	2.922	5.385	4.885	6.113	7.290	4.205	7.525	0.801	2.443	3.450	6.968	6.395	5.828	8.008	7.416	5.345	2.442	5.738	6.950	7.683	7.476	1.991	1.740	4.756	0.000	4.410	8.008	7.294	4.708	6.939	6.243	5.647	4.325	5.259	5.297	7.406	7.979	8.973	4.962	3.792	6.201	5.678	7.267	10.485	6.976	7.580	2.075	9.453	5.651	7.047	3.468	7.199	0.483	6.687	7.961	3.783	6.448	5.303	7.890	2.854	4.657	8.911	6.390	1.048	7.399	7.701	8.174	2.317	5.264	6.803	0.242	1.785	5.160	]
[1.031	2.798	2.080	4.943	3.109	4.787	3.135	2.350	2.999	0.647	2.708	3.505	0.960	4.311	4.937	5.978	2.656	3.491	2.498	3.694	4.636	3.620	4.116	4.680	1.339	2.602	6.050	3.795	6.388	4.456	0.346	4.410	0.000	4.046	3.073	4.862	3.260	2.171	3.628	4.062	2.390	2.716	5.823	3.648	4.713	3.029	0.906	5.256	4.316	4.452	6.075	2.574	4.542	5.449	5.058	1.272	4.747	1.326	2.790	3.956	2.277	7.025	3.283	3.935	3.090	6.714	2.477	4.872	4.594	2.716	5.422	4.114	6.044	4.344	5.710	5.343	3.294	4.575	2.686	1.208	]
[3.328	6.837	5.148	2.445	4.872	8.785	2.167	6.396	6.304	4.020	2.010	0.786	4.872	1.703	8.678	8.795	6.654	5.534	1.624	6.897	1.475	5.082	7.669	8.712	3.262	1.892	4.588	5.366	9.837	8.431	3.791	8.008	4.046	0.000	3.849	8.726	1.163	1.877	3.492	7.935	5.653	3.080	4.529	3.495	1.431	3.702	4.297	8.701	7.762	6.850	3.759	2.799	2.048	8.308	3.538	3.415	7.504	5.372	2.396	7.627	2.652	5.932	5.022	6.786	3.368	5.484	6.523	8.748	3.960	1.643	8.889	6.116	4.558	5.368	8.509	9.135	1.427	8.218	6.238	4.323	]
[2.166	5.131	2.227	2.963	5.950	7.111	1.697	4.620	3.154	2.472	4.093	3.903	3.094	5.161	7.687	9.042	4.470	1.770	3.331	3.537	5.179	1.235	4.512	6.849	1.843	2.083	7.785	1.519	9.284	6.878	2.758	7.294	3.073	3.849	0.000	5.885	3.958	2.940	5.737	5.200	2.673	4.840	7.631	0.820	3.454	5.410	3.951	5.330	4.486	3.073	3.598	1.117	5.508	8.514	2.401	1.846	3.808	3.835	1.464	6.816	1.423	9.011	6.134	3.206	5.286	8.614	4.736	5.928	1.647	3.749	8.338	2.290	7.765	1.617	8.778	6.129	4.217	7.422	5.683	2.135	]
[5.400	2.762	3.749	8.785	6.910	2.924	7.128	2.858	2.735	4.720	7.568	8.302	3.923	9.174	4.403	7.149	2.283	4.490	7.308	2.532	9.488	5.192	1.502	2.461	5.480	6.950	10.636	5.065	6.045	3.071	5.023	4.708	4.862	8.726	5.885	0.000	8.094	6.929	8.197	0.801	3.249	7.397	10.381	6.702	8.999	7.489	5.146	1.671	1.711	3.908	9.467	6.341	9.400	6.773	8.258	5.328	3.269	3.673	6.749	4.383	6.282	11.379	7.010	3.148	7.677	11.156	2.781	0.070	7.382	7.567	5.472	4.509	10.638	5.760	7.022	0.583	8.151	4.620	4.611	4.419	]
[2.780	5.975	4.741	3.391	3.710	7.855	2.480	5.572	5.880	3.396	0.855	0.377	4.173	1.227	7.635	7.639	5.915	5.454	0.796	6.526	1.408	5.134	7.182	7.822	2.829	1.882	3.901	5.409	8.727	7.485	3.071	6.939	3.260	1.163	3.958	8.094	0.000	1.216	2.394	7.293	5.216	1.918	3.785	3.840	2.508	2.545	3.329	8.272	7.320	6.733	4.742	2.841	1.560	7.155	4.304	2.970	7.298	4.562	2.540	6.578	2.565	5.197	3.859	6.527	2.219	4.770	5.694	8.108	4.511	0.568	7.789	6.083	3.877	5.567	7.353	8.547	0.320	7.156	5.190	3.820	]
[1.569	4.959	3.525	3.288	3.565	6.915	1.801	4.521	4.665	2.211	1.154	1.374	3.028	2.422	6.876	7.299	4.800	4.301	0.434	5.310	2.620	4.046	5.975	6.835	1.615	1.061	4.853	4.311	8.135	6.565	1.931	6.243	2.171	1.877	2.940	6.929	1.216	0.000	2.857	6.131	4.001	2.038	4.693	3.012	2.743	2.677	2.469	7.059	6.108	5.558	4.598	1.859	2.731	6.787	3.873	1.755	6.098	3.497	1.688	5.837	1.519	6.071	3.742	5.320	2.468	5.674	4.647	6.946	3.828	0.832	7.173	4.942	4.834	4.554	7.014	7.367	1.380	6.441	4.458	2.608	]
[3.843	5.599	5.655	5.778	1.866	7.094	4.619	5.363	6.627	4.124	1.756	2.738	4.543	2.194	6.430	5.694	5.917	6.843	2.563	7.321	2.718	6.735	7.688	7.202	4.076	3.899	2.450	6.977	7.133	6.691	3.672	5.647	3.628	3.492	5.737	8.197	2.394	2.857	0.000	7.427	6.011	0.940	2.208	5.868	4.893	0.733	3.072	8.836	7.913	7.971	7.131	4.700	2.104	5.270	6.612	4.159	8.348	4.550	4.543	5.413	4.343	3.413	1.936	7.535	0.538	3.088	5.458	8.191	6.672	2.194	6.281	7.494	2.449	7.323	5.418	8.736	2.087	5.887	4.164	4.703	]
[4.607	2.120	3.018	8.062	6.197	2.799	6.376	2.131	2.094	3.924	6.768	7.503	3.122	8.373	4.148	6.760	1.514	3.925	6.508	2.057	8.687	4.606	1.162	2.358	4.696	6.173	9.871	4.509	5.861	2.840	4.222	4.325	4.062	7.935	5.200	0.801	7.293	6.131	7.427	0.000	2.534	6.614	9.619	6.020	8.239	6.725	4.366	1.878	1.472	3.544	8.796	5.594	8.601	6.348	7.592	4.545	3.033	2.888	5.994	3.947	5.518	10.643	6.306	2.724	6.903	10.409	2.069	0.815	6.743	6.766	5.187	4.038	9.872	5.226	6.608	1.309	7.350	4.274	3.982	3.638	]
[2.439	2.802	0.513	5.537	5.366	4.613	3.897	2.344	0.664	1.918	4.887	5.351	1.576	6.399	5.463	7.402	1.961	1.722	4.422	1.333	6.621	2.270	2.020	4.296	2.410	3.798	8.414	2.268	7.174	4.445	2.354	5.259	2.390	5.653	2.673	3.249	5.216	4.001	6.011	2.534	0.000	5.088	8.194	3.492	5.778	5.418	3.132	3.062	2.115	2.198	6.270	3.107	6.682	6.899	5.071	2.261	2.368	2.039	3.523	4.781	3.084	9.414	5.526	1.561	5.475	9.098	2.427	3.287	4.254	4.758	6.295	2.149	8.406	2.994	7.175	3.561	5.347	5.327	4.016	1.402	]
[2.904	4.890	4.722	5.167	1.801	6.534	3.836	4.604	5.712	3.190	1.099	2.294	3.650	2.230	6.048	5.747	5.115	5.904	1.825	6.405	2.724	5.809	6.810	6.593	3.144	3.099	3.334	6.048	6.960	6.139	2.740	5.297	2.716	3.080	4.840	7.397	1.918	2.038	0.940	6.614	5.088	0.000	3.108	5.024	4.390	0.657	2.251	7.955	7.023	7.031	6.513	3.833	2.292	5.276	5.888	3.223	7.416	3.726	3.717	4.998	3.469	4.351	1.944	6.603	0.446	4.017	4.707	7.395	5.864	1.535	6.053	6.556	3.328	6.412	5.463	7.921	1.673	5.529	3.660	3.766	]
[5.935	7.733	7.819	6.974	3.679	9.072	6.261	7.532	8.820	6.289	3.547	3.990	6.748	2.828	8.207	6.824	8.106	8.911	4.303	9.513	3.171	8.725	9.897	9.231	6.130	5.619	0.277	8.983	8.580	8.667	5.843	7.406	5.823	4.529	7.631	10.381	3.785	4.693	2.208	9.619	8.194	3.108	0.000	7.609	5.926	2.894	5.276	11.044	10.119	10.092	8.271	6.533	2.495	6.517	8.029	6.231	10.511	6.751	6.287	7.261	6.209	1.415	3.656	9.700	2.745	0.987	7.621	10.372	8.295	3.885	7.848	9.562	0.296	9.247	6.586	10.926	3.482	7.648	6.153	6.856	]
[2.655	5.894	3.041	2.206	6.321	7.891	1.372	5.382	3.969	3.101	4.145	3.709	3.810	4.980	8.408	9.618	5.265	2.473	3.341	4.328	4.916	1.827	5.317	7.642	2.328	1.996	7.737	2.092	9.969	7.647	3.312	7.979	3.648	3.495	0.820	6.702	3.840	3.012	5.868	6.020	3.492	5.024	7.609	0.000	2.843	5.637	4.478	6.103	5.279	3.722	2.778	1.210	5.337	9.089	1.586	2.377	4.499	4.548	1.333	7.506	1.582	9.013	6.506	3.955	5.464	8.596	5.501	6.746	0.947	3.749	9.014	2.900	7.714	1.905	9.347	6.938	4.132	8.118	6.316	2.854	]
[3.791	7.478	5.267	1.100	6.139	9.492	1.884	6.997	6.381	4.494	3.291	2.155	5.374	3.102	9.584	9.996	7.128	5.224	2.684	6.883	2.783	4.641	7.775	9.356	3.607	2.134	5.966	4.916	10.877	9.168	4.400	8.973	4.713	1.431	3.454	8.999	2.508	2.743	4.893	8.239	5.778	4.390	5.926	2.843	0.000	5.035	5.184	8.704	7.808	6.520	2.345	2.674	3.431	9.492	2.334	3.749	7.262	5.991	2.255	8.557	2.721	7.316	6.301	6.634	4.721	6.862	7.125	9.031	2.989	2.867	9.914	5.717	5.934	4.730	9.709	9.338	2.807	9.166	7.189	4.623	]
[3.389	4.872	5.095	5.824	1.260	6.366	4.478	4.646	6.016	3.574	1.750	2.918	3.908	2.674	5.737	5.195	5.212	6.370	2.481	6.710	3.191	6.326	7.028	6.470	3.656	3.738	3.147	6.554	6.520	5.964	3.119	4.962	3.029	3.702	5.410	7.489	2.545	2.677	0.733	6.725	5.418	0.657	2.894	5.637	5.035	0.000	2.393	8.176	7.263	7.445	7.171	4.436	2.661	4.742	6.539	3.719	7.775	3.861	4.343	4.709	4.068	4.006	1.374	6.962	0.367	3.720	4.738	7.481	6.492	2.190	5.642	7.018	3.149	6.956	4.914	8.033	2.280	5.200	3.439	4.163	]
[1.823	2.700	2.898	5.564	2.248	4.526	3.802	2.368	3.683	1.552	2.606	3.641	1.565	4.198	4.408	5.145	2.864	4.375	2.675	4.372	4.599	4.525	4.636	4.506	2.151	3.173	5.521	4.696	5.723	4.156	1.194	3.792	0.906	4.297	3.951	5.146	3.329	2.469	3.072	4.366	3.132	2.251	5.276	4.478	5.184	2.393	0.000	5.784	4.876	5.273	6.768	3.344	4.367	4.617	5.815	2.115	5.498	1.481	3.493	3.373	3.012	6.387	2.416	4.694	2.541	6.112	2.477	5.144	5.424	2.761	4.755	4.987	5.521	5.250	4.871	5.674	3.275	3.983	2.009	2.096	]
[5.492	3.937	3.557	8.292	7.823	4.559	6.828	3.836	2.402	4.914	7.897	8.413	4.306	9.443	5.988	8.637	3.160	3.664	7.477	1.822	9.679	4.370	1.148	4.099	5.472	6.826	11.281	4.173	7.671	4.662	5.311	6.201	5.256	8.701	5.330	1.671	8.272	7.059	8.836	1.878	3.062	7.955	11.044	6.103	8.704	8.176	5.784	0.000	0.953	2.698	8.758	6.047	9.714	8.225	7.556	5.324	1.912	4.343	6.476	5.825	6.087	12.167	7.950	2.165	8.299	11.895	3.806	1.740	6.616	7.801	7.042	3.460	11.278	4.775	8.485	1.367	8.392	6.144	5.773	4.452	]
[4.540	3.266	2.615	7.445	6.966	4.269	5.927	3.077	1.458	3.962	6.946	7.463	3.373	8.490	5.577	8.079	2.403	2.909	6.524	0.951	8.727	3.624	0.333	3.830	4.525	5.895	10.354	3.460	7.306	4.291	4.362	5.678	4.316	7.762	4.486	1.711	7.320	6.108	7.913	1.472	2.115	7.023	10.119	5.279	7.808	7.263	4.876	0.953	0.000	2.198	7.989	5.140	8.762	7.637	6.779	4.375	1.583	3.464	5.567	5.264	5.163	11.263	7.100	1.471	7.375	10.982	3.070	1.776	5.862	6.848	6.593	2.836	10.349	4.122	7.905	1.731	7.439	5.654	5.037	3.500	]
[4.158	4.748	2.377	5.916	7.520	6.225	4.749	4.370	1.888	3.871	6.614	6.768	3.751	7.960	7.343	9.519	3.821	1.318	5.990	1.517	8.072	1.895	2.428	5.823	3.985	4.982	10.289	1.637	9.086	6.162	4.326	7.267	4.452	6.850	3.073	3.908	6.733	5.558	7.971	3.544	2.198	7.031	10.092	3.722	6.520	7.445	5.273	2.698	2.198	0.000	6.190	4.051	8.283	9.029	5.017	3.871	0.826	4.232	4.463	6.805	4.225	11.382	7.686	0.844	7.449	11.035	4.423	3.973	4.054	6.382	8.270	0.835	10.277	2.120	9.305	3.889	6.935	7.299	6.180	3.282	]
[5.046	8.582	5.816	1.353	8.159	10.603	2.966	8.072	6.732	5.644	5.432	4.423	6.449	5.446	10.991	11.845	8.012	5.096	4.700	7.041	5.121	4.388	8.054	10.378	4.756	3.636	8.309	4.595	12.459	10.336	5.730	10.485	6.075	3.759	3.598	9.467	4.742	4.598	7.131	8.796	6.270	6.513	8.271	2.778	2.345	7.171	6.768	8.758	7.989	6.190	0.000	3.526	5.776	11.324	1.211	4.856	7.011	7.166	3.288	10.030	3.798	9.659	8.334	6.593	6.891	9.206	8.195	9.513	2.144	4.986	11.492	5.361	8.277	4.088	11.562	9.680	5.057	10.648	8.743	5.527	]
[1.545	5.083	2.597	2.520	5.114	7.113	0.790	4.577	3.707	2.118	3.011	2.793	2.939	4.046	7.466	8.488	4.591	2.735	2.230	4.225	4.079	2.316	5.102	6.915	1.238	0.970	6.681	2.597	8.959	6.830	2.228	6.976	2.574	2.799	1.117	6.341	2.841	1.859	4.700	5.594	3.107	3.833	6.533	1.210	2.674	4.436	3.344	6.047	5.140	4.051	3.526	0.000	4.392	7.960	2.484	1.331	4.721	3.645	0.429	6.515	0.372	7.922	5.298	4.031	4.276	7.518	4.703	6.376	2.122	2.648	7.994	3.323	6.660	2.729	8.213	6.667	3.102	7.132	5.259	2.058	]
[4.249	7.067	6.226	4.486	3.913	8.800	3.965	6.724	7.343	4.801	1.834	1.628	5.496	0.359	8.337	7.796	7.155	7.010	2.298	8.007	0.714	6.693	8.600	8.835	4.340	3.426	2.541	6.968	9.180	8.409	4.422	7.580	4.542	2.048	5.508	9.400	1.560	2.731	2.104	8.601	6.682	2.292	2.495	5.337	3.431	2.661	4.367	9.714	8.762	8.283	5.776	4.392	0.000	7.367	5.578	4.474	8.828	5.763	4.071	7.289	4.124	3.888	4.008	8.047	2.300	3.438	6.838	9.407	5.928	1.927	8.298	7.641	2.511	7.110	7.520	9.885	1.351	7.813	5.949	5.279	]
[6.436	4.383	6.935	10.058	3.488	4.098	8.371	4.679	7.147	6.043	6.301	7.531	5.575	7.412	2.606	0.529	5.298	8.533	6.809	7.670	7.932	8.875	7.307	4.501	6.762	7.689	6.783	8.983	2.126	3.803	5.779	2.075	5.449	8.308	8.514	6.773	7.155	6.787	5.270	6.348	6.899	5.276	6.517	9.089	9.492	4.742	4.617	8.225	7.637	9.029	11.324	7.960	7.367	0.000	10.421	6.714	8.910	4.908	8.087	2.401	7.622	6.732	3.370	8.245	5.109	6.767	4.645	6.724	10.035	6.675	1.690	9.040	6.809	9.633	0.276	7.334	6.940	2.204	2.905	6.460	]
[4.029	7.454	4.626	1.272	7.412	9.462	2.095	6.942	5.524	4.574	4.861	4.048	5.341	5.225	9.921	10.948	6.847	3.892	4.070	5.831	5.003	3.187	6.843	9.222	3.719	2.829	8.107	3.404	11.439	9.209	4.712	9.453	5.058	3.538	2.401	8.258	4.304	3.873	6.612	7.592	5.071	5.888	8.029	1.586	2.334	6.539	5.815	7.556	6.779	5.017	1.211	2.484	5.578	10.421	0.000	3.802	5.833	6.071	2.338	8.988	2.803	9.441	7.592	5.391	6.299	8.998	7.062	8.304	0.966	4.419	10.475	4.184	8.078	2.942	10.669	8.469	4.623	9.604	7.743	4.399	]
[0.335	3.787	1.774	3.801	4.129	5.818	1.988	3.288	2.923	0.792	2.747	3.090	1.646	4.174	6.136	7.243	3.379	2.687	2.184	3.558	4.368	2.610	4.263	5.644	0.152	1.636	6.423	2.835	7.636	5.523	0.935	5.651	1.272	3.415	1.846	5.328	2.970	1.755	4.159	4.545	2.261	3.223	6.231	2.377	3.749	3.719	2.115	5.324	4.375	3.871	4.856	1.331	4.474	6.714	3.802	0.000	4.362	2.326	1.614	5.187	1.088	7.547	4.312	3.574	3.659	7.186	3.416	5.353	3.324	2.548	6.674	3.339	6.410	3.268	6.973	5.723	3.125	5.804	3.951	0.910	]
[4.618	4.545	2.693	6.702	7.722	5.805	5.452	4.235	1.853	4.225	7.102	7.363	3.936	8.519	7.035	9.380	3.617	2.039	6.531	1.243	8.666	2.680	1.872	5.378	4.491	5.618	10.721	2.437	8.778	5.791	4.676	7.047	4.747	7.504	3.808	3.269	7.298	6.098	8.348	3.033	2.368	7.416	10.511	4.499	7.262	7.775	5.498	1.912	1.583	0.826	7.011	4.721	8.828	8.910	5.833	4.362	0.000	4.294	5.143	6.603	4.856	11.759	7.878	0.813	7.816	11.432	4.265	3.337	4.872	6.908	8.012	1.651	10.711	2.946	9.183	3.174	7.477	7.052	6.141	3.655	]
[2.209	1.488	2.027	6.125	3.505	3.506	4.309	1.025	2.441	1.535	3.947	4.822	0.741	5.560	3.860	5.422	1.398	3.625	3.815	3.089	5.916	3.991	3.202	3.369	2.445	3.860	6.999	4.083	5.453	3.199	1.601	3.468	1.326	5.372	3.835	3.673	4.562	3.497	4.550	2.888	2.039	3.726	6.751	4.548	5.991	3.861	1.481	4.343	3.464	4.232	7.166	3.645	5.763	4.908	6.071	2.326	4.294	0.000	3.939	2.987	3.413	7.831	3.645	3.530	4.022	7.571	1.152	3.673	5.466	4.007	4.516	4.146	6.999	4.752	5.183	4.195	4.572	3.588	2.004	1.701	]
[1.765	5.400	3.012	2.187	5.114	7.431	0.385	4.899	4.131	2.404	2.813	2.452	3.256	3.719	7.720	8.613	4.950	3.145	2.008	4.653	3.717	2.691	5.524	7.250	1.495	0.667	6.421	2.975	9.171	7.137	2.446	7.199	2.790	2.396	1.464	6.749	2.540	1.688	4.543	5.994	3.523	3.717	6.287	1.333	2.255	4.343	3.493	6.476	5.567	4.463	3.288	0.429	4.071	8.087	2.338	1.614	5.143	3.939	0.000	6.746	0.526	7.687	5.296	4.458	4.152	7.274	5.026	6.782	2.149	2.418	8.204	3.720	6.399	3.042	8.334	7.083	2.820	7.365	5.455	2.417	]
[4.984	2.063	4.925	8.888	3.608	1.942	7.088	2.448	4.919	4.416	5.765	6.922	3.725	7.217	1.058	2.818	2.995	6.487	6.007	5.378	7.689	6.933	4.932	2.253	5.278	6.514	7.538	6.994	2.468	1.566	4.300	0.483	3.956	7.627	6.816	4.383	6.578	5.837	5.413	3.947	4.781	4.998	7.261	7.506	8.557	4.709	3.373	5.825	5.264	6.805	10.030	6.515	7.289	2.401	8.988	5.187	6.603	2.987	6.746	0.000	6.231	7.895	3.609	5.990	5.038	7.796	2.384	4.336	8.436	6.022	1.532	6.924	7.553	7.691	2.660	4.950	6.457	0.619	1.390	4.682	]
[1.247	4.875	2.571	2.713	4.744	6.905	0.902	4.374	3.712	1.877	2.673	2.554	2.731	3.785	7.199	8.149	4.438	2.920	1.910	4.270	3.854	2.570	5.100	6.727	0.969	0.763	6.363	2.845	8.664	6.611	1.932	6.687	2.277	2.652	1.423	6.282	2.565	1.519	4.343	5.518	3.084	3.469	6.209	1.582	2.721	4.068	3.012	6.087	5.163	4.225	3.798	0.372	4.124	7.622	2.803	1.088	4.856	3.413	0.526	6.231	0.000	7.590	4.929	4.133	3.913	7.191	4.502	6.313	2.488	2.328	7.697	3.534	6.344	3.039	7.872	6.635	2.809	6.850	4.953	1.911	]
[7.239	8.661	9.067	8.374	4.492	9.789	7.671	8.522	10.020	7.536	4.918	5.405	7.914	4.230	8.753	6.943	9.134	10.234	5.693	10.714	4.542	10.081	11.021	10.002	7.454	7.020	1.350	10.334	8.854	9.389	7.083	7.961	7.025	5.932	9.011	11.379	5.197	6.071	3.413	10.643	9.414	4.351	1.415	9.013	7.316	4.006	6.387	12.167	11.263	11.382	9.659	7.922	3.888	6.732	9.441	7.547	11.759	7.831	7.687	7.895	7.590	0.000	4.418	10.946	3.943	0.457	8.598	11.363	9.708	5.276	8.236	10.886	1.383	10.623	6.743	11.940	4.892	8.197	6.949	8.116	]
[3.981	4.264	5.313	7.007	0.185	5.424	5.499	4.176	6.038	3.920	3.022	4.236	3.949	4.043	4.580	3.822	4.822	6.775	3.650	6.711	4.562	6.870	6.824	5.605	4.295	4.764	3.932	7.062	5.198	5.020	3.501	3.783	3.283	5.022	6.134	7.010	3.859	3.742	1.936	6.306	5.526	1.944	3.656	6.506	6.301	1.374	2.416	7.950	7.100	7.686	8.334	5.298	4.008	3.370	7.592	4.312	7.878	3.645	5.296	3.609	4.929	4.418	0.000	7.083	1.739	4.257	4.238	6.990	7.415	3.435	4.355	7.395	3.947	7.566	3.540	7.582	3.617	4.026	2.535	4.491	]
[3.821	3.928	1.882	6.155	6.925	5.382	4.787	3.570	1.105	3.413	6.305	6.607	3.135	7.742	6.505	8.728	2.997	1.499	5.753	0.676	7.906	2.206	1.648	4.981	3.707	4.894	9.911	2.015	8.250	5.318	3.864	6.448	3.935	6.786	3.206	3.148	6.527	5.320	7.535	2.724	1.561	6.603	9.700	3.955	6.634	6.962	4.694	2.165	1.471	0.844	6.593	4.031	8.047	8.245	5.391	3.574	0.813	3.530	4.458	5.990	4.133	10.946	7.083	0.000	7.003	10.620	3.616	3.210	4.452	6.122	7.442	1.367	9.902	2.655	8.520	3.201	6.697	6.473	5.428	2.845	]
[3.337	5.105	5.124	5.540	1.626	6.659	4.261	4.853	6.089	3.594	1.459	2.587	4.004	2.308	6.073	5.560	5.395	6.336	2.228	6.784	2.825	6.251	7.151	6.748	3.583	3.527	2.984	6.487	6.881	6.259	3.140	5.303	3.090	3.368	5.286	7.677	2.219	2.468	0.538	6.903	5.475	0.446	2.745	5.464	4.721	0.367	2.541	8.299	7.375	7.449	6.891	4.276	2.300	5.109	6.299	3.659	7.816	4.022	4.152	5.038	3.913	3.943	1.739	7.003	0.000	3.624	4.950	7.672	6.297	1.905	5.999	6.986	2.982	6.856	5.279	8.212	1.942	5.539	3.744	4.175	]
[6.883	8.460	8.739	7.924	4.314	9.666	7.248	8.298	9.713	7.207	4.525	4.968	7.620	3.781	8.687	7.010	8.897	9.870	5.288	10.408	4.087	9.699	10.747	9.860	7.088	6.606	0.897	9.955	8.878	9.263	6.757	7.890	6.714	5.484	8.614	11.156	4.770	5.674	3.088	10.409	9.098	4.017	0.987	8.596	6.862	3.720	6.112	11.895	10.982	11.035	9.206	7.518	3.438	6.767	8.998	7.186	11.432	7.571	7.274	7.796	7.191	0.457	4.257	10.620	3.624	0.000	8.379	11.143	9.279	4.870	8.221	10.522	0.929	10.228	6.797	11.711	4.468	8.128	6.791	7.782	]
[3.335	0.396	2.644	7.211	4.133	2.410	5.403	0.129	2.536	2.639	5.045	5.964	1.770	6.654	3.041	5.118	0.669	4.148	4.959	3.026	7.030	4.650	2.753	2.232	3.546	4.992	7.880	4.680	4.747	2.147	2.750	2.854	2.477	6.523	4.736	2.781	5.694	4.647	5.458	2.069	2.427	4.707	7.621	5.501	7.125	4.738	2.477	3.806	3.070	4.423	8.195	4.703	6.838	4.645	7.062	3.416	4.265	1.152	5.026	2.384	4.502	8.598	4.238	3.616	4.950	8.379	0.000	2.765	6.383	5.134	3.877	4.552	7.883	5.396	4.919	3.347	5.689	2.906	1.972	2.668	]
[5.421	2.736	3.785	8.824	6.891	2.862	7.162	2.845	2.781	4.739	7.576	8.318	3.935	9.183	4.345	7.097	2.280	4.544	7.323	2.589	9.500	5.245	1.562	2.399	5.505	6.977	10.628	5.121	5.983	3.013	5.037	4.657	4.872	8.748	5.928	0.070	8.108	6.946	8.191	0.815	3.287	7.395	10.372	6.746	9.031	7.481	5.144	1.740	1.776	3.973	9.513	6.376	9.407	6.724	8.304	5.353	3.337	3.673	6.782	4.336	6.313	11.363	6.990	3.210	7.672	11.143	2.765	0.000	7.432	7.579	5.415	4.569	10.630	5.817	6.972	0.620	8.162	4.567	4.582	4.445	]
[3.601	6.778	3.843	2.064	7.231	8.755	2.059	6.267	4.657	4.041	4.924	4.321	4.725	5.569	9.324	10.564	6.106	2.959	4.113	4.919	5.429	2.247	5.943	8.486	3.274	2.774	8.402	2.450	10.902	8.525	4.259	8.911	4.594	3.960	1.647	7.382	4.511	3.828	6.672	6.743	4.254	5.864	8.295	0.947	2.989	6.492	5.424	6.616	5.862	4.054	2.144	2.122	5.928	10.035	0.966	3.324	4.872	5.466	2.149	8.436	2.488	9.708	7.415	4.452	6.297	9.279	6.383	7.432	0.000	4.505	9.949	3.222	8.377	1.978	10.293	7.567	4.819	9.045	7.259	3.766	]
[2.323	5.410	4.299	3.637	3.275	7.287	2.445	5.013	5.421	2.897	0.447	0.900	3.644	1.642	7.078	7.167	5.370	5.132	0.418	6.081	1.922	4.874	6.697	7.255	2.417	1.753	4.036	5.141	8.198	6.917	2.547	6.390	2.716	1.643	3.749	7.567	0.568	0.832	2.194	6.766	4.758	1.535	3.885	3.749	2.867	2.190	2.761	7.801	6.848	6.382	4.986	2.648	1.927	6.675	4.419	2.548	6.908	4.007	2.418	6.022	2.328	5.276	3.435	6.122	1.905	4.870	5.134	7.579	4.505	0.000	7.254	5.773	4.016	5.366	6.881	8.030	0.592	6.604	4.633	3.356	]
[6.453	3.527	6.453	10.315	4.415	2.609	8.534	3.952	6.395	5.916	6.946	8.150	5.251	8.277	1.074	1.847	4.450	8.008	7.294	6.809	8.776	8.463	6.260	3.055	6.757	7.927	8.122	8.520	0.969	2.402	5.768	1.048	5.422	8.889	8.338	5.472	7.789	7.173	6.281	5.187	6.295	6.053	7.848	9.014	9.914	5.642	4.755	7.042	6.593	8.270	11.492	7.994	8.298	1.690	10.475	6.674	8.012	4.516	8.204	1.532	7.697	8.236	4.355	7.442	5.999	8.221	3.877	5.415	9.949	7.254	0.000	8.429	8.144	9.220	1.841	5.999	7.628	0.972	2.752	6.205	]
[3.652	4.911	2.141	5.087	7.222	6.572	3.984	4.478	2.094	3.490	6.040	6.088	3.558	7.309	7.562	9.546	4.017	0.652	5.368	1.990	7.387	1.077	3.007	6.200	3.434	4.277	9.746	0.808	9.290	6.461	3.933	7.399	4.114	6.116	2.290	4.509	6.083	4.942	7.494	4.038	2.149	6.556	9.562	2.900	5.717	7.018	4.987	3.460	2.836	0.835	5.361	3.323	7.641	9.040	4.184	3.339	1.651	4.146	3.720	6.924	3.534	10.886	7.395	1.367	6.986	10.522	4.552	4.569	3.222	5.773	8.429	0.000	9.731	1.315	9.316	4.565	6.305	7.458	6.145	2.908	]
[6.119	8.002	8.021	6.996	3.966	9.359	6.357	7.793	9.037	6.495	3.699	4.059	6.976	2.856	8.501	7.112	8.360	9.082	4.434	9.729	3.159	8.877	10.131	9.514	6.303	5.733	0.039	9.138	8.875	8.954	6.053	7.701	6.044	4.558	7.765	10.638	3.877	4.834	2.449	9.872	8.406	3.328	0.296	7.714	5.934	3.149	5.521	11.278	10.349	10.277	8.277	6.660	2.511	6.809	8.078	6.410	10.711	6.999	6.399	7.553	6.344	1.383	3.947	9.902	2.982	0.929	7.883	10.630	8.377	4.016	8.144	9.731	0.000	9.382	6.876	11.180	3.582	7.942	6.437	7.057	]
[3.603	5.781	2.768	3.963	7.384	7.596	3.205	5.302	3.169	3.699	5.705	5.494	4.059	6.760	8.437	10.154	4.955	1.313	4.948	3.229	6.750	0.760	4.265	7.259	3.309	3.686	9.401	0.732	10.125	7.438	4.080	8.174	4.344	5.368	1.617	5.760	5.567	4.554	7.323	5.226	2.994	6.412	9.247	1.905	4.730	6.956	5.250	4.775	4.122	2.120	4.088	2.729	7.110	9.633	2.942	3.268	2.946	4.752	3.042	7.691	3.039	10.623	7.566	2.655	6.856	10.228	5.396	5.817	1.978	5.366	9.220	1.315	9.382	0.000	9.905	5.853	5.831	8.263	6.734	3.197	]
[6.693	4.654	7.210	10.291	3.666	4.316	8.613	4.953	7.423	6.308	6.500	7.729	5.848	7.576	2.806	0.287	5.571	8.808	7.025	7.944	8.097	9.148	7.574	4.728	7.019	7.927	6.849	9.257	2.157	4.033	6.038	2.317	5.710	8.509	8.778	7.022	7.353	7.014	5.418	6.608	7.175	5.463	6.586	9.347	9.709	4.914	4.871	8.485	7.905	9.305	11.562	8.213	7.520	0.276	10.669	6.973	9.183	5.183	8.334	2.660	7.872	6.743	3.540	8.520	5.279	6.797	4.919	6.972	10.293	6.881	1.841	9.316	6.876	9.905	0.000	7.580	7.131	2.432	3.179	6.730	]
[5.819	3.341	4.072	9.065	7.479	3.419	7.457	3.419	2.985	5.157	8.051	8.741	4.392	9.650	4.926	7.701	2.821	4.628	7.757	2.652	9.948	5.341	1.625	2.959	5.875	7.326	11.179	5.187	6.534	3.598	5.483	5.264	5.343	9.135	6.129	0.583	8.547	7.367	8.736	1.309	3.561	7.921	10.926	6.938	9.338	8.033	5.674	1.367	1.731	3.889	9.680	6.667	9.885	7.334	8.469	5.723	3.174	4.195	7.083	4.950	6.635	11.940	7.582	3.201	8.212	11.711	3.347	0.620	7.567	8.030	5.999	4.565	11.180	5.853	7.580	0.000	8.618	5.168	5.193	4.813	]
[2.909	5.953	4.884	3.707	3.474	7.796	2.780	5.568	6.010	3.489	0.692	0.653	4.229	1.053	7.515	7.417	5.944	5.669	0.947	6.667	1.344	5.376	7.289	7.781	2.990	2.156	3.605	5.648	8.558	7.419	3.135	6.803	3.294	1.427	4.217	8.151	0.320	1.380	2.087	7.350	5.347	1.673	3.482	4.132	2.807	2.280	3.275	8.392	7.439	6.935	5.057	3.102	1.351	6.940	4.623	3.125	7.477	4.572	2.820	6.457	2.809	4.892	3.617	6.697	1.942	4.468	5.689	8.162	4.819	0.592	7.628	6.305	3.582	5.831	7.131	8.618	0.000	7.025	5.074	3.945	]
[5.603	2.555	5.495	9.506	4.047	1.899	7.707	2.983	5.423	5.032	6.334	7.505	4.328	7.756	0.559	2.535	3.478	7.042	6.602	5.843	8.236	7.508	5.320	2.297	5.896	7.130	7.925	7.559	1.868	1.601	4.919	0.242	4.575	8.218	7.422	4.620	7.156	6.441	5.887	4.274	5.327	5.529	7.648	8.118	9.166	5.200	3.983	6.144	5.654	7.299	10.648	7.132	7.813	2.204	9.604	5.804	7.052	3.588	7.365	0.619	6.850	8.197	4.026	6.473	5.539	8.128	2.906	4.567	9.045	6.604	0.972	7.458	7.942	8.263	2.432	5.168	7.025	0.000	1.984	5.287	]
[3.714	1.863	4.032	7.564	2.483	2.934	5.783	1.960	4.322	3.220	4.382	5.532	2.676	5.859	2.446	3.422	2.634	5.630	4.619	4.901	6.322	5.975	4.723	3.079	4.025	5.177	6.426	6.079	3.721	2.530	3.030	1.785	2.686	6.238	5.683	4.611	5.190	4.458	4.164	3.982	4.016	3.660	6.153	6.316	7.189	3.439	2.009	5.773	5.037	6.180	8.743	5.259	5.949	2.905	7.743	3.951	6.141	2.004	5.455	1.390	4.953	6.949	2.535	5.428	3.744	6.791	1.972	4.582	7.259	4.633	2.752	6.145	6.437	6.734	3.179	5.193	5.074	1.984	0.000	3.585	]
