N=80;
nK1=30;
nK2=30;
nK3=20;
K1=[3 	6 	8 	15 	16 	17 	20 	23 	27 	31 	32 	34 	35 	36 	39 	40 	41 	42 	43 	46 	47 	53 	57 	63 	65 	70 	72 	75 	76 	78 	];
K2=[2 	5 	7 	9 	10 	11 	12 	14 	18 	19 	22 	29 	30 	33 	38 	45 	48 	49 	52 	54 	55 	56 	59 	61 	62 	64 	69 	71 	73 	80 	];
K3=[1 	4 	13 	21 	24 	25 	26 	28 	37 	44 	50 	51 	58 	60 	66 	67 	68 	74 	77 	79 	];
DG=[48	69	69	4.950000e+01	5.850000e+01	5.250000e+01	66	33	4.950000e+01	7.050000e+01	5.250000e+01	6.450000e+01	6.150000e+01	39	4.050000e+01	48	4.050000e+01	3.750000e+01	5.550000e+01	39	4.950000e+01	6.150000e+01	4.050000e+01	48	75	5.250000e+01	48	4.050000e+01	6.750000e+01	30	57	6.750000e+01	39	30	4.650000e+01	75	54	3.450000e+01	6.450000e+01	54	72	4.050000e+01	4.350000e+01	42	63	33	4.950000e+01	57	48	4.350000e+01	3.450000e+01	4.350000e+01	45	48	39	57	72	4.050000e+01	57	6.750000e+01	63	69	33	5.250000e+01	7.050000e+01	6.750000e+01	5.850000e+01	6.150000e+01	3.150000e+01	57	4.650000e+01	30	7.050000e+01	6.150000e+01	36	69	5.550000e+01	4.650000e+01	5.850000e+01	72	];
LOAD=[32	46	46	33	39	35	44	22	33	47	35	43	41	26	27	32	27	25	37	26	33	41	27	32	50	35	32	27	45	20	38	45	26	20	31	50	36	23	43	36	48	27	29	28	42	22	33	38	32	29	23	29	30	32	26	38	48	27	38	45	42	46	22	35	47	45	39	41	21	38	31	20	47	41	24	46	37	31	39	48	];
DIST=[[0.000	6.623	4.501	1.369	4.036	1.565	1.644	5.346	3.256	1.495	5.696	7.625	1.631	4.567	3.512	4.868	2.655	6.157	0.830	2.542	2.520	1.604	6.367	5.572	5.838	2.591	3.928	4.034	6.053	4.158	3.422	4.881	1.884	1.842	5.658	5.429	2.034	7.477	2.752	3.098	2.147	1.875	3.414	6.401	3.539	6.423	6.335	4.016	3.322	3.366	5.696	3.580	4.555	1.462	3.676	4.278	6.289	6.696	2.391	5.994	5.035	5.207	2.842	4.575	7.442	2.352	7.792	6.588	6.772	6.773	2.963	3.849	6.128	3.064	3.429	7.110	2.891	8.454	2.663	4.922	]
[6.623	0.000	10.371	6.713	3.358	7.234	7.048	5.985	5.406	5.351	2.302	5.653	6.635	9.253	8.997	8.070	5.370	5.504	7.444	5.841	4.719	7.428	4.075	4.111	4.580	4.189	2.698	2.785	2.288	7.009	3.706	7.457	6.188	5.510	5.313	1.702	6.285	1.417	7.807	6.629	8.770	7.605	9.222	2.989	5.870	5.845	4.268	9.060	5.933	3.286	4.671	6.562	8.039	6.809	4.550	7.757	3.570	5.371	5.353	0.689	10.296	10.357	4.375	7.624	4.806	8.708	5.226	5.485	0.327	0.833	7.583	3.550	2.580	3.587	3.229	6.198	9.184	6.035	8.373	4.676	]
[4.501	10.371	0.000	5.559	8.416	3.240	3.374	6.225	5.203	5.176	8.717	8.899	5.843	7.564	1.415	3.894	5.049	7.361	4.045	4.583	5.652	5.247	8.426	10.063	10.339	6.243	7.799	8.208	9.016	8.278	7.797	8.924	6.256	4.880	6.994	9.557	4.087	11.487	6.285	3.998	3.218	5.393	5.767	10.788	4.934	7.417	8.288	6.927	4.767	7.448	10.197	7.808	8.312	3.633	6.084	8.119	8.617	8.015	6.885	9.685	1.222	1.448	7.291	8.517	9.175	2.241	9.347	7.827	10.597	10.252	2.915	6.908	10.466	6.913	7.515	7.955	4.737	9.685	2.019	6.779	]
[1.369	6.713	5.559	0.000	3.649	2.909	3.008	6.534	4.416	2.429	6.248	8.632	0.287	3.342	4.748	6.234	3.796	7.242	1.514	3.783	3.432	0.717	7.228	4.801	4.972	3.203	4.144	3.945	6.606	2.823	3.108	3.534	0.745	2.961	6.743	5.274	3.350	7.332	1.501	4.432	2.627	0.904	2.585	5.869	4.773	7.537	7.229	2.860	4.570	3.466	4.808	2.281	3.188	2.831	4.660	2.909	7.070	7.731	1.587	6.158	6.244	6.432	2.425	3.211	8.342	3.320	8.725	7.645	6.800	7.023	4.328	4.565	5.685	3.431	3.514	8.224	2.484	9.442	3.903	5.936	]
[4.036	3.358	8.416	3.649	0.000	5.195	5.104	6.279	4.633	3.331	3.933	7.306	3.502	5.896	7.221	7.385	4.218	6.413	4.755	4.584	3.402	4.353	5.607	1.936	2.392	2.628	1.750	0.880	4.220	3.689	0.620	4.207	3.004	3.823	6.003	1.716	4.690	3.717	4.525	5.517	6.081	4.480	5.995	2.375	5.179	6.780	5.713	5.725	5.106	1.368	2.343	3.210	4.706	4.838	4.156	4.415	5.230	6.628	2.116	2.983	8.710	8.837	1.238	4.316	6.686	6.374	7.131	6.641	3.355	3.906	6.115	3.290	2.094	2.038	1.326	7.371	6.115	7.963	6.431	5.109	]
[1.565	7.234	3.240	2.909	5.195	0.000	0.254	4.454	2.621	1.941	5.830	6.996	3.183	5.892	2.045	3.427	2.196	5.439	1.667	1.830	2.566	2.967	6.024	6.912	7.229	3.052	4.598	4.969	6.164	5.719	4.579	6.439	3.446	1.737	4.964	6.326	1.178	8.285	4.162	1.917	2.213	3.215	4.453	7.560	2.666	5.638	5.942	5.292	2.437	4.213	7.101	5.145	6.070	0.428	3.351	5.805	6.072	6.048	3.870	6.558	3.564	3.716	4.117	6.120	6.992	1.562	7.279	5.904	7.438	7.207	1.445	3.935	7.230	3.702	4.280	6.302	3.650	7.834	1.237	4.410	]
[1.644	7.048	3.374	3.008	5.104	0.254	0.000	4.207	2.368	1.807	5.604	6.742	3.274	6.064	2.117	3.265	1.952	5.186	1.851	1.578	2.358	3.118	5.773	6.856	7.187	2.880	4.433	4.840	5.935	5.798	4.492	6.524	3.504	1.539	4.711	6.183	0.928	8.122	4.310	1.683	2.464	3.373	4.662	7.459	2.414	5.388	5.689	5.471	2.184	4.076	7.064	5.211	6.186	0.265	3.106	5.915	5.824	5.795	3.873	6.370	3.617	3.757	4.059	6.218	6.739	1.801	7.025	5.651	7.259	7.003	1.320	3.714	7.118	3.542	4.143	6.053	3.879	7.580	1.355	4.156	]
[5.346	5.985	6.225	6.534	6.279	4.454	4.207	0.000	2.118	4.133	3.710	2.685	6.710	9.869	4.901	2.597	2.739	1.139	5.915	2.808	3.265	6.942	2.481	8.181	8.661	3.881	4.625	5.502	3.835	8.831	5.905	9.552	6.661	3.573	0.858	6.216	3.392	7.391	8.027	2.574	6.664	7.213	8.732	7.998	1.824	1.222	2.293	9.347	2.052	4.920	8.622	8.191	9.541	4.183	2.158	9.229	2.856	1.791	6.480	5.381	5.556	5.507	5.977	9.399	2.987	5.809	3.125	1.603	6.303	5.450	3.534	3.013	7.534	4.285	4.957	1.855	8.048	3.495	4.816	1.322	]
[3.256	5.406	5.203	4.416	4.633	2.621	2.368	2.118	0.000	2.023	3.529	4.425	4.593	7.753	3.787	2.812	0.621	2.912	3.885	0.796	1.279	4.838	3.411	6.568	7.010	2.023	3.247	4.001	3.817	6.771	4.150	7.501	4.559	1.455	2.418	5.057	1.449	6.686	5.911	1.244	4.797	5.109	6.664	6.693	0.547	3.168	3.323	7.237	0.533	3.285	6.941	6.133	7.444	2.264	0.892	7.135	3.498	3.482	4.447	4.722	4.936	4.977	4.075	7.322	4.373	4.142	4.670	3.358	5.678	5.147	2.292	1.860	6.265	2.605	3.339	3.854	6.043	5.263	3.375	1.789	]
[1.495	5.351	5.176	2.429	3.331	1.941	1.807	4.133	2.023	0.000	4.223	6.220	2.585	5.770	3.912	4.312	1.406	4.813	2.295	1.527	1.039	2.934	4.893	5.156	5.526	1.175	2.678	3.033	4.577	4.780	2.733	5.515	2.538	0.625	4.314	4.384	1.400	6.354	3.930	2.386	3.522	3.198	4.839	5.667	2.446	5.109	4.871	5.283	2.272	2.272	5.421	4.144	5.423	1.544	2.245	5.115	4.798	5.309	2.513	4.690	5.384	5.507	2.397	5.314	5.983	3.357	6.347	5.219	5.538	5.405	2.799	2.357	5.317	1.777	2.339	5.795	4.382	7.039	3.160	3.516	]
[5.696	2.302	8.717	6.248	3.933	5.830	5.604	3.710	3.529	4.223	0.000	3.569	6.270	9.312	7.304	5.953	3.697	3.209	6.513	4.148	3.297	6.908	1.878	5.458	5.967	3.116	2.322	3.063	0.359	7.458	3.919	8.059	5.947	4.129	3.012	3.017	4.719	3.718	7.612	4.768	7.733	7.139	8.829	4.792	3.895	3.557	2.047	8.973	4.013	3.005	5.996	6.888	8.411	5.408	2.639	8.098	1.404	3.132	5.304	1.772	8.451	8.478	4.398	8.092	2.828	7.387	3.275	3.225	2.627	1.748	5.817	1.903	4.321	2.826	2.987	3.957	8.536	4.117	6.813	2.427	]
[7.625	5.653	8.899	8.632	7.306	6.996	6.742	2.685	4.425	6.220	3.569	0.000	8.753	11.949	7.586	5.142	4.986	1.575	8.302	5.213	5.200	9.152	1.715	8.984	9.493	5.544	5.564	6.429	3.431	10.507	7.135	11.180	8.584	5.784	2.032	6.586	5.855	7.010	10.124	5.199	9.202	9.417	11.036	8.358	4.335	1.483	1.593	11.491	4.562	6.117	9.506	9.888	11.356	6.672	3.976	11.037	2.165	0.947	8.178	5.273	8.169	8.098	7.440	11.122	0.895	8.431	0.637	1.100	5.974	4.881	6.205	4.250	7.888	5.656	6.127	1.083	10.462	0.839	7.479	2.707	]
[1.631	6.635	5.843	0.287	3.502	3.183	3.274	6.710	4.593	2.585	6.270	8.753	0.000	3.198	5.034	6.485	3.972	7.387	1.800	3.985	3.560	0.862	7.317	4.571	4.726	3.274	4.114	3.855	6.626	2.542	2.986	3.257	0.517	3.142	6.889	5.156	3.579	7.205	1.377	4.664	2.883	0.981	2.603	5.676	4.969	7.689	7.325	2.753	4.771	3.424	4.559	1.995	2.941	3.089	4.792	2.656	7.140	7.861	1.402	6.099	6.531	6.719	2.298	2.944	8.437	3.603	8.827	7.782	6.709	6.977	4.593	4.637	5.509	3.445	3.468	8.375	2.613	9.556	4.188	6.067	]
[4.567	9.253	7.564	3.342	5.896	5.892	6.064	9.869	7.753	5.770	9.312	11.949	3.198	0.000	7.267	9.319	7.133	10.581	4.226	7.091	6.758	2.969	10.488	6.015	5.888	6.440	7.037	6.540	9.659	2.495	5.590	2.541	3.398	6.298	10.082	7.599	6.600	9.475	1.842	7.653	4.395	2.703	1.820	7.446	8.088	10.878	10.506	0.639	7.877	6.333	5.701	2.742	1.599	5.953	7.989	1.728	10.284	11.059	4.021	8.829	8.570	8.791	4.979	2.097	11.614	5.549	12.011	10.979	9.248	9.748	7.327	7.796	7.467	6.514	6.361	11.565	2.841	12.749	6.525	9.265	]
[3.512	8.997	1.415	4.748	7.221	2.045	2.117	4.901	3.787	3.912	7.304	7.586	5.034	7.267	0.000	2.790	3.649	6.029	3.276	3.180	4.286	4.599	7.032	8.957	9.272	4.916	6.468	6.936	7.602	7.560	6.609	8.252	5.375	3.548	5.639	8.256	2.718	10.146	5.747	2.587	2.917	4.798	5.574	9.575	3.527	6.112	6.900	6.632	3.354	6.167	9.142	7.028	7.758	2.382	4.669	7.526	7.211	6.682	5.885	8.309	1.526	1.694	6.161	7.887	7.815	1.733	8.007	6.500	9.231	8.854	1.501	5.508	9.229	5.597	6.233	6.684	4.584	8.389	0.850	5.380	]
[4.868	8.070	3.894	6.234	7.385	3.427	3.265	2.597	2.812	4.312	5.953	5.142	6.485	9.319	2.790	0.000	3.167	3.703	5.094	2.834	3.983	6.383	5.050	9.308	9.726	4.758	6.059	6.801	6.160	8.951	6.859	9.687	6.637	3.701	3.449	7.863	2.970	9.409	7.575	1.926	5.330	6.637	7.833	9.503	2.277	3.673	4.871	8.717	2.299	6.067	9.641	8.337	9.422	3.409	3.559	9.140	5.374	4.335	6.804	7.404	3.036	2.956	6.665	9.417	5.566	4.224	5.657	4.134	8.362	7.684	2.002	4.604	9.077	5.389	6.123	4.132	6.948	5.884	3.092	3.587	]
[2.655	5.370	5.049	3.796	4.218	2.196	1.952	2.739	0.621	1.406	3.697	4.986	3.972	7.133	3.649	3.167	0.000	3.502	3.318	0.472	0.819	4.227	3.856	6.142	6.566	1.593	2.996	3.664	4.015	6.171	3.697	6.903	3.944	0.836	3.003	4.827	1.034	6.580	5.291	1.340	4.304	4.497	6.069	6.380	1.061	3.771	3.790	6.621	0.922	2.913	6.486	5.533	6.829	1.799	1.156	6.521	3.879	4.049	3.862	4.681	4.930	4.999	3.554	6.715	4.872	3.753	5.193	3.935	5.619	5.205	2.214	1.859	5.971	2.243	2.972	4.459	5.477	5.820	3.117	2.301	]
[6.157	5.504	7.361	7.242	6.413	5.439	5.186	1.139	2.912	4.813	3.209	1.575	7.387	10.581	6.029	3.703	3.502	0.000	6.797	3.684	3.834	7.718	1.579	8.234	8.733	4.302	4.676	5.572	3.234	9.321	6.135	10.021	7.270	4.324	0.500	6.039	4.315	6.919	8.742	3.624	7.650	7.987	9.570	7.848	2.773	0.370	1.369	10.094	3.002	5.113	8.718	8.688	10.108	5.128	2.609	9.791	2.047	0.654	6.963	4.974	6.689	6.635	6.329	9.917	1.863	6.859	1.986	0.475	5.831	4.861	4.632	3.154	7.374	4.553	5.136	1.001	8.953	2.406	5.905	1.364	]
[0.830	7.444	4.045	1.514	4.755	1.667	1.851	5.915	3.885	2.295	6.513	8.302	1.800	4.226	3.276	5.094	3.318	6.797	0.000	3.120	3.294	1.343	7.113	6.166	6.388	3.417	4.752	4.821	6.869	4.292	4.152	4.977	2.217	2.552	6.303	6.213	2.525	8.270	2.529	3.500	1.341	1.572	2.833	7.093	4.091	7.042	7.070	3.625	3.864	4.176	6.234	3.782	4.501	1.777	4.401	4.259	7.060	7.363	2.921	6.820	4.750	4.944	3.531	4.612	8.168	1.809	8.503	7.242	7.587	7.602	3.102	4.651	6.847	3.893	4.237	7.723	2.160	9.137	2.447	5.615	]
[2.542	5.841	4.583	3.783	4.584	1.830	1.578	2.808	0.796	1.527	4.148	5.213	3.985	7.091	3.180	2.834	0.472	3.684	3.120	0.000	1.228	4.143	4.195	6.491	6.900	1.983	3.441	4.075	4.461	6.294	4.039	7.030	4.018	0.901	3.195	5.271	0.654	7.046	5.257	0.934	4.001	4.415	5.925	6.791	0.997	3.922	4.112	6.554	0.787	3.312	6.812	5.661	6.893	1.467	1.556	6.592	4.256	4.268	4.039	5.152	4.461	4.533	3.833	6.814	5.168	3.365	5.466	4.137	6.089	5.674	1.743	2.328	6.391	2.655	3.373	4.603	5.270	6.052	2.669	2.584	]
[2.520	4.719	5.652	3.432	3.402	2.566	2.358	3.265	1.279	1.039	3.297	5.200	3.560	6.758	4.286	3.983	0.819	3.834	3.294	1.228	0.000	3.966	3.854	5.329	5.759	0.775	2.222	2.851	3.642	5.566	2.891	6.288	3.439	0.836	3.339	4.049	1.568	5.866	4.926	2.147	4.452	4.228	5.877	5.568	1.807	4.147	3.833	6.291	1.710	2.095	5.683	4.927	6.297	2.139	1.232	5.983	3.770	4.301	3.216	4.034	5.643	5.728	2.796	6.138	4.945	4.107	5.312	4.222	4.947	4.645	2.928	1.395	5.164	1.430	2.155	4.828	5.411	6.013	3.657	2.507	]
[1.604	7.428	5.247	0.717	4.353	2.967	3.118	6.942	4.838	2.934	6.908	9.152	0.862	2.969	4.599	6.383	4.227	7.718	1.343	4.143	3.966	0.000	7.806	5.415	5.548	3.826	4.844	4.662	7.267	3.032	3.821	3.685	1.379	3.396	7.218	5.988	3.633	8.045	1.196	4.684	2.136	0.271	1.931	6.538	5.141	7.997	7.795	2.412	4.925	4.174	5.378	2.591	3.162	2.992	5.178	2.928	7.674	8.235	2.264	6.869	6.045	6.247	3.136	3.297	8.908	3.020	9.279	8.137	7.516	7.728	4.412	5.176	6.371	4.106	4.223	8.684	1.769	9.972	3.782	6.446	]
[6.367	4.075	8.426	7.228	5.607	6.024	5.773	2.481	3.411	4.893	1.878	1.715	7.317	10.488	7.032	5.050	3.856	1.579	7.113	4.195	3.854	7.806	0.000	7.269	7.778	4.048	3.876	4.729	1.793	8.903	5.467	9.557	7.094	4.562	1.628	4.883	4.846	5.474	8.694	4.467	8.160	8.063	9.726	6.668	3.525	1.858	0.211	10.070	3.722	4.461	7.792	8.295	9.788	5.647	2.719	9.470	0.507	1.300	6.609	3.626	7.907	7.883	5.817	9.526	1.131	7.553	1.553	1.434	4.402	3.367	5.550	2.695	6.196	4.055	4.465	2.124	9.254	2.365	6.744	1.659	]
[5.572	4.111	10.063	4.801	1.936	6.912	6.856	8.181	6.568	5.156	5.458	8.984	4.571	6.015	8.957	9.308	6.142	8.234	6.166	6.491	5.329	5.415	7.269	0.000	0.509	4.558	3.572	2.682	5.681	3.525	2.453	3.721	4.060	5.693	7.850	2.533	6.546	3.750	5.158	7.423	7.413	5.455	6.663	1.474	7.114	8.604	7.401	6.050	7.037	3.299	0.562	3.352	4.519	6.595	6.079	4.309	6.840	8.387	3.249	4.045	10.471	10.613	2.797	4.029	8.284	7.914	8.732	8.421	3.951	4.872	7.955	5.171	1.649	3.973	3.252	9.162	7.056	9.573	8.136	6.972	]
[5.838	4.580	10.339	4.972	2.392	7.229	7.187	8.661	7.010	5.526	5.967	9.493	4.726	5.888	9.272	9.726	6.566	8.733	6.388	6.900	5.759	5.548	7.778	0.509	0.000	4.991	4.064	3.171	6.189	3.395	2.869	3.493	4.227	6.082	8.345	3.031	6.924	4.129	5.183	7.829	7.598	5.565	6.670	1.800	7.553	9.102	7.909	5.976	7.469	3.760	0.188	3.314	4.345	6.928	6.548	4.163	7.350	8.892	3.470	4.540	10.793	10.942	3.139	3.844	8.793	8.162	9.241	8.924	4.406	5.354	8.320	5.656	2.059	4.428	3.717	9.664	7.132	10.083	8.442	7.462	]
[2.591	4.189	6.243	3.203	2.628	3.052	2.880	3.881	2.023	1.175	3.116	5.544	3.274	6.440	4.916	4.758	1.593	4.302	3.417	1.983	0.775	3.826	4.048	4.558	4.991	0.000	1.556	2.095	3.475	5.019	2.128	5.723	3.050	1.369	3.825	3.347	2.220	5.244	4.649	2.912	4.683	4.070	5.756	4.809	2.563	4.640	4.066	6.026	2.479	1.329	4.919	4.386	5.822	2.632	1.735	5.504	3.868	4.696	2.661	3.522	6.324	6.422	2.099	5.616	5.173	4.521	5.573	4.644	4.387	4.230	3.630	1.364	4.414	0.687	1.390	5.303	5.421	6.326	4.226	2.940	]
[3.928	2.698	7.799	4.144	1.750	4.598	4.433	4.625	3.247	2.678	2.322	5.564	4.114	7.037	6.468	6.059	2.996	4.676	4.752	3.441	2.222	4.844	3.876	3.572	4.064	1.556	0.000	0.896	2.651	5.137	1.610	5.748	3.731	2.922	4.281	1.831	3.760	3.689	5.400	4.334	6.073	5.048	6.716	3.459	3.785	5.045	3.972	6.736	3.768	0.705	4.043	4.566	6.090	4.182	2.592	5.779	3.524	4.878	3.016	2.068	7.859	7.948	2.082	5.771	4.973	6.032	5.414	4.893	2.866	2.889	5.148	1.612	3.021	0.900	0.676	5.625	6.568	6.239	5.781	3.399	]
[4.034	2.785	8.208	3.945	0.880	4.969	4.840	5.502	4.001	3.033	3.063	6.429	3.855	6.540	6.936	6.801	3.664	5.572	4.821	4.075	2.851	4.662	4.729	2.682	3.171	2.095	0.896	0.000	3.360	4.463	0.951	5.024	3.404	3.419	5.175	1.395	4.290	3.450	5.029	4.999	6.162	4.830	6.437	2.717	4.547	5.940	4.836	6.306	4.503	0.775	3.148	3.937	5.457	4.577	3.426	5.155	4.350	5.765	2.576	2.295	8.383	8.491	1.595	5.097	5.806	6.290	6.251	5.784	2.855	3.208	5.712	2.490	2.321	1.422	0.710	6.518	6.426	7.083	6.193	4.292	]
[6.053	2.288	9.016	6.606	4.220	6.164	5.935	3.835	3.817	4.577	0.359	3.431	6.626	9.659	7.602	6.160	4.015	3.234	6.869	4.461	3.642	7.267	1.793	5.681	6.189	3.475	2.651	3.360	0.000	7.780	4.236	8.372	6.299	4.471	3.091	3.198	5.042	3.696	7.965	5.049	8.083	7.498	9.188	4.939	4.159	3.566	1.982	9.325	4.288	3.341	6.226	7.216	8.741	5.744	2.932	8.429	1.291	3.084	5.647	1.844	8.720	8.741	4.732	8.415	2.641	7.723	3.084	3.197	2.615	1.632	6.109	2.247	4.472	3.181	3.322	3.911	8.895	3.922	7.129	2.593	]
[4.158	7.009	8.278	2.823	3.689	5.719	5.798	8.831	6.771	4.780	7.458	10.507	2.542	2.495	7.560	8.951	6.171	9.321	4.292	6.294	5.566	3.032	8.903	3.525	3.395	5.019	5.137	4.463	7.780	0.000	3.547	0.737	2.314	5.398	8.843	5.314	5.993	7.077	2.147	7.074	5.136	2.905	3.464	4.970	7.224	9.659	8.962	2.607	7.052	4.474	3.208	0.640	1.036	5.598	6.737	0.788	8.612	9.696	2.360	6.671	9.042	9.236	3.090	0.635	10.029	6.046	10.456	9.655	6.962	7.594	7.113	6.258	5.022	4.855	4.483	10.322	4.155	11.252	6.720	7.958	]
[3.422	3.706	7.797	3.108	0.620	4.579	4.492	5.905	4.150	2.733	3.919	7.135	2.986	5.590	6.609	6.859	3.697	6.135	4.152	4.039	2.891	3.821	5.467	2.453	2.869	2.128	1.610	0.951	4.236	3.547	0.000	4.141	2.509	3.247	5.700	2.171	4.108	4.224	4.102	4.970	5.484	3.967	5.535	2.995	4.691	6.496	5.552	5.362	4.601	1.025	2.792	3.001	4.525	4.227	3.755	4.219	5.130	6.404	1.650	3.242	8.103	8.233	0.687	4.181	6.574	5.756	7.012	6.398	3.749	4.158	5.527	2.982	2.706	1.620	1.009	7.113	5.589	7.832	5.815	4.798	]
[4.881	7.457	8.924	3.534	4.207	6.439	6.524	9.552	7.501	5.515	8.059	11.180	3.257	2.541	8.252	9.687	6.903	10.021	4.977	7.030	6.288	3.685	9.557	3.721	3.493	5.723	5.748	5.024	8.372	0.737	4.141	0.000	3.050	6.134	9.547	5.755	6.730	7.402	2.689	7.811	5.748	3.532	3.840	5.194	7.957	10.363	9.623	2.821	7.787	5.106	3.313	1.371	0.945	6.327	7.448	0.922	9.250	10.383	3.073	7.168	9.722	9.919	3.743	0.478	10.679	6.705	11.110	10.347	7.383	8.085	7.840	6.935	5.309	5.525	5.109	11.022	4.637	11.914	7.417	8.658	]
[1.884	6.188	6.256	0.745	3.004	3.446	3.504	6.661	4.559	2.538	5.947	8.584	0.517	3.398	5.375	6.637	3.944	7.270	2.217	4.018	3.439	1.379	7.094	4.060	4.227	3.050	3.731	3.404	6.299	2.314	2.509	3.050	0.000	3.137	6.777	4.676	3.684	6.716	1.671	4.768	3.371	1.479	3.034	5.160	4.976	7.586	7.116	3.026	4.791	3.030	4.064	1.710	2.885	3.294	4.662	2.579	6.887	7.713	0.892	5.672	6.888	7.068	1.823	2.799	8.221	4.025	8.623	7.646	6.250	6.562	4.811	4.400	4.996	3.129	3.069	8.266	3.118	9.373	4.525	5.928	]
[1.842	5.510	4.880	2.961	3.823	1.737	1.539	3.573	1.455	0.625	4.129	5.784	3.142	6.298	3.548	3.701	0.836	4.324	2.552	0.901	0.836	3.396	4.562	5.693	6.082	1.369	2.922	3.419	4.471	5.398	3.247	6.134	3.137	0.000	3.824	4.712	0.873	6.607	4.456	1.775	3.645	3.666	5.254	6.109	1.839	4.601	4.517	5.786	1.656	2.645	5.984	4.764	6.020	1.309	1.849	5.716	4.526	4.855	3.138	4.831	4.967	5.072	2.976	5.926	5.617	3.271	5.959	4.750	5.725	5.470	2.301	2.226	5.735	2.050	2.710	5.289	4.703	6.613	2.868	3.081	]
[5.658	5.313	6.994	6.743	6.003	4.964	4.711	0.858	2.418	4.314	3.012	2.032	6.889	10.082	5.639	3.449	3.003	0.500	6.303	3.195	3.339	7.218	1.628	7.850	8.345	3.825	4.281	5.175	3.091	8.843	5.700	9.547	6.777	3.824	0.000	5.724	3.830	6.729	8.243	3.181	7.172	7.487	9.072	7.528	2.303	0.815	1.436	9.594	2.530	4.683	8.323	8.209	9.621	4.645	2.118	9.304	2.024	1.086	6.484	4.746	6.378	6.337	5.870	9.435	2.181	6.404	2.375	0.943	5.637	4.722	4.213	2.722	7.057	4.104	4.710	1.489	8.460	2.870	5.474	0.903	]
[5.429	1.702	9.557	5.274	1.716	6.326	6.183	6.216	5.057	4.384	3.017	6.586	5.156	7.599	8.256	7.863	4.827	6.039	6.213	5.271	4.049	5.988	4.883	2.533	3.031	3.347	1.831	1.395	3.198	5.314	2.171	5.755	4.676	4.712	5.724	0.000	5.567	2.066	6.235	6.165	7.554	6.137	7.693	1.808	5.587	6.406	5.037	7.440	5.584	2.116	3.092	4.885	6.347	5.924	4.338	6.069	4.421	6.086	3.803	1.515	9.671	9.766	2.858	5.925	5.834	7.677	6.279	6.150	1.653	2.378	6.969	3.300	1.335	2.662	2.049	6.895	7.757	7.119	7.538	4.915	]
[2.034	6.285	4.087	3.350	4.690	1.178	0.928	3.392	1.449	1.400	4.719	5.855	3.579	6.600	2.718	2.970	1.034	4.315	2.525	0.654	1.568	3.633	4.846	6.546	6.924	2.220	3.760	4.290	5.042	5.993	4.108	6.730	3.684	0.873	3.830	5.567	0.000	7.429	4.784	1.087	3.351	3.902	5.352	6.983	1.569	4.539	4.765	6.042	1.340	3.515	6.819	5.373	6.517	0.817	2.182	6.225	4.897	4.909	3.841	5.599	4.104	4.204	3.797	6.478	5.822	2.724	6.118	4.773	6.515	6.179	1.428	2.850	6.607	2.907	3.580	5.215	4.657	6.694	2.110	3.238	]
[7.477	1.417	11.487	7.332	3.717	8.285	8.122	7.391	6.686	6.354	3.718	7.010	7.205	9.475	10.146	9.409	6.580	6.919	8.270	7.046	5.866	8.045	5.474	3.750	4.129	5.244	3.689	3.450	3.696	7.077	4.224	7.402	6.716	6.607	6.729	2.066	7.429	0.000	8.229	7.881	9.611	8.186	9.709	2.339	7.175	7.258	5.670	9.376	7.218	4.125	4.266	6.734	8.110	7.871	5.860	7.858	4.967	6.773	5.832	2.021	11.503	11.578	4.909	7.650	6.143	9.689	6.548	6.892	1.092	2.129	8.783	4.829	2.105	4.583	4.061	7.598	9.812	7.334	9.470	6.076	]
[2.752	7.807	6.285	1.501	4.525	4.162	4.310	8.027	5.911	3.930	7.612	10.124	1.377	1.842	5.747	7.575	5.291	8.742	2.529	5.257	4.926	1.196	8.694	5.158	5.183	4.649	5.400	5.029	7.965	2.147	4.102	2.689	1.671	4.456	8.243	6.235	4.784	8.229	0.000	5.850	3.079	0.959	1.512	6.451	6.252	9.038	8.702	1.377	6.044	4.698	4.999	1.909	2.030	4.176	6.157	1.838	8.513	9.227	2.454	7.316	7.158	7.367	3.434	2.251	9.814	4.106	10.204	9.144	7.847	8.215	5.607	6.012	6.368	4.789	4.735	9.724	2.020	10.930	4.947	7.433	]
[3.098	6.629	3.998	4.432	5.517	1.917	1.683	2.574	1.244	2.386	4.768	5.199	4.664	7.653	2.587	1.926	1.340	3.624	3.500	0.934	2.147	4.684	4.467	7.423	7.829	2.912	4.334	4.999	5.049	7.074	4.970	7.811	4.768	1.775	3.181	6.165	1.087	7.881	5.850	0.000	4.107	4.950	6.329	7.715	0.944	3.784	4.346	7.082	0.769	4.240	7.738	6.451	7.603	1.722	2.135	7.312	4.627	4.261	4.885	5.942	3.692	3.736	4.746	7.564	5.313	3.239	5.549	4.098	6.893	6.389	1.088	3.079	7.309	3.577	4.301	4.429	5.562	6.030	2.299	2.808	]
[2.147	8.770	3.218	2.627	6.081	2.213	2.464	6.664	4.797	3.522	7.733	9.202	2.883	4.395	2.917	5.330	4.304	7.650	1.341	4.001	4.452	2.136	8.160	7.413	7.598	4.683	6.073	6.162	8.083	5.136	5.484	5.748	3.371	3.645	7.172	7.554	3.351	9.611	3.079	4.107	0.000	2.232	2.660	8.401	4.878	7.852	8.093	3.756	4.648	5.512	7.435	4.726	5.100	2.534	5.446	4.917	8.160	8.255	4.167	8.137	4.175	4.396	4.849	5.325	9.165	1.185	9.468	8.114	8.919	8.901	3.375	5.842	8.169	5.200	5.573	8.514	1.670	10.040	2.276	6.582	]
[1.875	7.605	5.393	0.904	4.480	3.215	3.373	7.213	5.109	3.198	7.139	9.417	0.981	2.703	4.798	6.637	4.497	7.987	1.572	4.415	4.228	0.271	8.063	5.455	5.565	4.070	5.048	4.830	7.498	2.905	3.967	3.532	1.479	3.666	7.487	6.137	3.902	8.186	0.959	4.950	2.232	0.000	1.690	6.620	5.412	8.267	8.054	2.142	5.196	4.369	5.390	2.509	2.962	3.253	5.443	2.742	7.925	8.502	2.371	7.057	6.225	6.431	3.280	3.127	9.168	3.184	9.540	8.405	7.685	7.925	4.659	5.425	6.470	4.328	4.416	8.954	1.640	10.237	3.991	6.712	]
[3.414	9.222	5.767	2.585	5.995	4.453	4.662	8.732	6.664	4.839	8.829	11.036	2.603	1.820	5.574	7.833	6.069	9.570	2.833	5.925	5.877	1.931	9.726	6.663	6.670	5.756	6.716	6.437	9.188	3.464	5.535	3.840	3.034	5.254	9.072	7.693	5.352	9.709	1.512	6.329	2.660	1.690	0.000	7.963	6.910	9.832	9.710	1.205	6.685	6.027	6.485	3.364	2.973	4.608	7.073	2.918	9.602	10.109	3.890	8.698	6.808	7.033	4.853	3.363	10.822	3.840	11.185	10.002	9.282	9.580	5.832	7.107	7.875	6.016	6.072	10.518	1.030	11.863	4.887	8.330	]
[6.401	2.989	10.788	5.869	2.375	7.560	7.459	7.998	6.693	5.667	4.792	8.358	5.676	7.446	9.575	9.503	6.380	7.848	7.093	6.791	5.568	6.538	6.668	1.474	1.800	4.809	3.459	2.717	4.939	4.970	2.995	5.194	5.160	6.109	7.528	1.808	6.983	2.339	6.451	7.715	8.401	6.620	7.963	0.000	7.236	8.215	6.829	7.440	7.205	3.482	1.947	4.737	5.978	7.194	6.045	5.757	6.195	7.888	4.283	3.131	11.050	11.168	3.566	5.493	7.579	8.745	8.019	7.955	2.760	3.812	8.410	5.032	0.474	4.138	3.419	8.700	8.253	8.854	8.797	6.708	]
[3.539	5.870	4.934	4.773	5.179	2.666	2.414	1.824	0.547	2.446	3.895	4.335	4.969	8.088	3.527	2.277	1.061	2.773	4.091	0.997	1.807	5.141	3.525	7.114	7.553	2.563	3.785	4.547	4.159	7.224	4.691	7.957	4.976	1.839	2.303	5.587	1.569	7.175	6.252	0.944	4.878	5.412	6.910	7.236	0.000	2.978	3.407	7.552	0.230	3.832	7.482	6.587	7.859	2.368	1.320	7.554	3.685	3.389	4.923	5.191	4.562	4.584	4.596	7.760	4.394	4.107	4.649	3.240	6.150	5.564	2.032	2.347	6.805	3.152	3.886	3.649	6.226	5.172	3.226	1.866	]
[6.423	5.845	7.417	7.537	6.780	5.638	5.388	1.222	3.168	5.109	3.557	1.483	7.689	10.878	6.112	3.673	3.771	0.370	7.042	3.922	4.147	7.997	1.858	8.604	9.102	4.640	5.045	5.940	3.566	9.659	6.496	10.363	7.586	4.601	0.815	6.406	4.539	7.258	9.038	3.784	7.852	8.267	9.832	8.215	2.978	0.000	1.648	10.383	3.208	5.475	9.087	9.024	10.434	5.345	2.931	10.118	2.346	0.701	7.299	5.325	6.692	6.626	6.680	10.251	1.947	7.023	1.987	0.498	6.172	5.186	4.756	3.515	7.741	4.909	5.500	0.688	9.191	2.277	6.038	1.711	]
[6.335	4.268	8.288	7.229	5.713	5.942	5.689	2.293	3.323	4.871	2.047	1.593	7.325	10.506	6.900	4.871	3.790	1.369	7.070	4.112	3.833	7.795	0.211	7.401	7.909	4.066	3.972	4.836	1.982	8.962	5.552	9.623	7.116	4.517	1.436	5.037	4.765	5.670	8.702	4.346	8.093	8.054	9.710	6.829	3.407	1.648	0.000	10.078	3.610	4.539	7.919	8.350	9.835	5.572	2.669	9.517	0.708	1.103	6.654	3.806	7.749	7.721	5.881	9.582	1.114	7.462	1.507	1.229	4.595	3.568	5.425	2.727	6.356	4.108	4.546	1.930	9.217	2.291	6.632	1.547	]
[4.016	9.060	6.927	2.860	5.725	5.292	5.471	9.347	7.237	5.283	8.973	11.491	2.753	0.639	6.632	8.717	6.621	10.094	3.625	6.554	6.291	2.412	10.070	6.050	5.976	6.026	6.736	6.306	9.325	2.607	5.362	2.821	3.026	5.786	9.594	7.440	6.042	9.376	1.377	7.082	3.756	2.142	1.205	7.440	7.552	10.383	10.078	0.000	7.337	6.031	5.788	2.704	1.894	5.372	7.520	1.922	9.889	10.589	3.741	8.601	7.931	8.152	4.719	2.348	11.190	4.911	11.578	10.502	9.077	9.511	6.721	7.388	7.420	6.154	6.065	11.070	2.212	12.301	5.895	8.795	]
[3.322	5.933	4.767	4.570	5.106	2.437	2.184	2.052	0.533	2.272	4.013	4.562	4.771	7.877	3.354	2.299	0.922	3.002	3.864	0.787	1.710	4.925	3.722	7.037	7.469	2.479	3.768	4.503	4.288	7.052	4.601	7.787	4.791	1.656	2.530	5.584	1.340	7.218	6.044	0.769	4.648	5.196	6.685	7.205	0.230	3.208	3.610	7.337	0.000	3.773	7.393	6.416	7.672	2.138	1.396	7.368	3.865	3.616	4.766	5.251	4.438	4.470	4.476	7.582	4.609	3.885	4.870	3.469	6.207	5.657	1.854	2.391	6.781	3.094	3.829	3.880	5.997	5.400	3.022	2.064	]
[3.366	3.286	7.448	3.466	1.368	4.213	4.076	4.920	3.285	2.272	3.005	6.117	3.424	6.333	6.167	6.067	2.913	5.113	4.176	3.312	2.095	4.174	4.461	3.299	3.760	1.329	0.705	0.775	3.341	4.474	1.025	5.106	3.030	2.645	4.683	2.116	3.515	4.125	4.698	4.240	5.512	4.369	6.027	3.482	3.832	5.475	4.539	6.031	3.773	0.000	3.709	3.890	5.410	3.815	2.789	5.097	4.144	5.379	2.312	2.698	7.609	7.717	1.395	5.106	5.576	5.569	6.011	5.373	3.414	3.557	4.938	1.961	3.093	0.680	0.067	6.089	5.913	6.825	5.431	3.782	]
[5.696	4.671	10.197	4.808	2.343	7.101	7.064	8.622	6.941	5.421	5.996	9.506	4.559	5.701	9.142	9.641	6.486	8.718	6.234	6.812	5.683	5.378	7.792	0.562	0.188	4.919	4.043	3.148	6.226	3.208	2.792	3.313	4.064	5.984	8.323	3.092	6.819	4.266	4.999	7.738	7.435	5.390	6.485	1.947	7.482	9.087	7.919	5.788	7.393	3.709	0.000	3.128	4.160	6.806	6.498	3.977	7.371	8.890	3.320	4.605	10.665	10.816	3.027	3.661	8.818	8.013	9.267	8.918	4.508	5.434	8.210	5.624	2.181	4.371	3.668	9.657	6.952	10.107	8.310	7.436	]
[3.580	6.562	7.808	2.281	3.210	5.145	5.211	8.191	6.133	4.144	6.888	9.888	1.995	2.742	7.028	8.337	5.533	8.688	3.782	5.661	4.927	2.591	8.295	3.352	3.314	4.386	4.566	3.937	7.216	0.640	3.001	1.371	1.710	4.764	8.209	4.885	5.373	6.734	1.909	6.451	4.726	2.509	3.364	4.737	6.587	9.024	8.350	2.704	6.416	3.890	3.128	0.000	1.525	5.004	6.101	1.219	8.014	9.069	1.725	6.186	8.525	8.713	2.497	1.234	9.423	5.568	9.847	9.026	6.538	7.109	6.520	5.638	4.733	4.242	3.903	9.689	3.919	10.639	6.182	7.326	]
[4.555	8.039	8.312	3.188	4.706	6.070	6.186	9.541	7.444	5.423	8.411	11.356	2.941	1.599	7.758	9.422	6.829	10.108	4.501	6.893	6.297	3.162	9.788	4.519	4.345	5.822	6.090	5.457	8.741	1.036	4.525	0.945	2.885	6.020	9.621	6.347	6.517	8.110	2.030	7.603	5.100	2.962	2.973	5.978	7.859	10.434	9.835	1.894	7.672	5.410	4.160	1.525	0.000	6.017	7.503	0.318	9.520	10.517	3.181	7.689	9.184	9.391	4.016	0.505	10.918	6.135	11.338	10.464	7.996	8.612	7.504	7.112	6.047	5.734	5.424	11.108	3.841	12.119	6.944	8.752	]
[1.462	6.809	3.633	2.831	4.838	0.428	0.265	4.183	2.264	1.544	5.408	6.672	3.089	5.953	2.382	3.409	1.799	5.128	1.777	1.467	2.139	2.992	5.647	6.595	6.928	2.632	4.182	4.577	5.744	5.598	4.227	6.327	3.294	1.309	4.645	5.924	0.817	7.871	4.176	1.722	2.534	3.253	4.608	7.194	2.368	5.345	5.572	5.372	2.138	3.815	6.806	5.004	6.017	0.000	2.955	5.740	5.678	5.725	3.632	6.133	3.880	4.019	3.798	6.032	6.635	1.979	6.933	5.588	7.016	6.779	1.517	3.511	6.854	3.289	3.882	6.017	3.869	7.510	1.616	4.050	]
[3.676	4.550	6.084	4.660	4.156	3.351	3.106	2.158	0.892	2.245	2.639	3.976	4.792	7.989	4.669	3.559	1.156	2.609	4.401	1.556	1.232	5.178	2.719	6.079	6.548	1.735	2.592	3.426	2.932	6.737	3.755	7.448	4.662	1.849	2.118	4.338	2.182	5.860	6.157	2.135	5.446	5.443	7.073	6.045	1.320	2.931	2.669	7.520	1.396	2.789	6.498	6.101	7.503	2.955	0.000	7.187	2.723	3.071	4.377	3.872	5.826	5.863	3.824	7.324	3.769	4.906	4.116	2.990	4.830	4.261	3.179	1.047	5.599	2.137	2.831	3.607	6.551	4.795	4.218	1.276	]
[4.278	7.757	8.119	2.909	4.415	5.805	5.915	9.229	7.135	5.115	8.098	11.037	2.656	1.728	7.526	9.140	6.521	9.791	4.259	6.592	5.983	2.928	9.470	4.309	4.163	5.504	5.779	5.155	8.429	0.788	4.219	0.922	2.579	5.716	9.304	6.069	6.225	7.858	1.838	7.312	4.917	2.742	2.918	5.757	7.554	10.118	9.517	1.922	7.368	5.097	3.977	1.219	0.318	5.740	7.187	0.000	9.203	10.199	2.863	7.396	8.966	9.171	3.702	0.445	10.600	5.924	11.020	10.146	7.720	8.320	7.234	6.794	5.809	5.416	5.111	10.791	3.732	11.801	6.705	8.435	]
[6.289	3.570	8.617	7.070	5.230	6.072	5.824	2.856	3.498	4.798	1.404	2.165	7.140	10.284	7.211	5.374	3.879	2.047	7.060	4.256	3.770	7.674	0.507	6.840	7.350	3.868	3.524	4.350	1.291	8.612	5.130	9.250	6.887	4.526	2.024	4.421	4.897	4.967	8.513	4.627	8.160	7.925	9.602	6.195	3.685	2.346	0.708	9.889	3.865	4.144	7.371	8.014	9.520	5.678	2.723	9.203	0.000	1.807	6.353	3.131	8.159	8.149	5.521	9.240	1.457	7.620	1.903	1.936	3.896	2.861	5.715	2.504	5.724	3.795	4.142	2.631	9.179	2.741	6.867	1.850	]
[6.696	5.371	8.015	7.731	6.628	6.048	5.795	1.791	3.482	5.309	3.132	0.947	7.861	11.059	6.682	4.335	4.049	0.654	7.363	4.268	4.301	8.235	1.300	8.387	8.892	4.696	4.878	5.765	3.084	9.696	6.404	10.383	7.713	4.855	1.086	6.086	4.909	6.773	9.227	4.261	8.255	8.502	10.109	7.888	3.389	0.701	1.103	10.589	3.616	5.379	8.890	9.069	10.517	5.725	3.071	10.199	1.807	0.000	7.349	4.900	7.334	7.276	6.657	10.303	1.249	7.489	1.334	0.205	5.698	4.667	5.280	3.454	7.414	4.868	5.395	0.828	9.522	1.786	6.548	1.795	]
[2.391	5.353	6.885	1.587	2.116	3.870	3.873	6.480	4.447	2.513	5.304	8.178	1.402	4.021	5.885	6.804	3.862	6.963	2.921	4.039	3.216	2.264	6.609	3.249	3.470	2.661	3.016	2.576	5.647	2.360	1.650	3.073	0.892	3.138	6.484	3.803	3.841	5.832	2.454	4.885	4.167	2.371	3.890	4.283	4.923	7.299	6.654	3.741	4.766	2.312	3.320	1.725	3.181	3.632	4.377	2.863	6.353	7.349	0.000	4.867	7.410	7.575	0.982	2.955	7.739	4.693	8.158	7.303	5.398	5.772	5.119	3.932	4.107	2.559	2.340	7.964	4.010	8.939	5.040	5.601	]
[5.994	0.689	9.685	6.158	2.983	6.558	6.370	5.381	4.722	4.690	1.772	5.273	6.099	8.829	8.309	7.404	4.681	4.974	6.820	5.152	4.034	6.869	3.626	4.045	4.540	3.522	2.068	2.295	1.844	6.671	3.242	7.168	5.672	4.831	4.746	1.515	5.599	2.021	7.316	5.942	8.137	7.057	8.698	3.131	5.191	5.325	3.806	8.601	5.251	2.698	4.605	6.186	7.689	6.133	3.872	7.396	3.131	4.900	4.867	0.000	9.607	9.668	3.885	7.297	4.465	8.043	4.901	4.997	0.959	0.923	6.894	2.864	2.676	2.939	2.647	5.726	8.612	5.731	7.690	4.062	]
[5.035	10.296	1.222	6.244	8.710	3.564	3.617	5.556	4.936	5.384	8.451	8.169	6.531	8.570	1.526	3.036	4.930	6.689	4.750	4.461	5.643	6.045	7.907	10.471	10.793	6.324	7.859	8.383	8.720	9.042	8.103	9.722	6.888	4.967	6.378	9.671	4.104	11.503	7.158	3.692	4.175	6.225	6.808	11.050	4.562	6.692	7.749	7.931	4.438	7.609	10.665	8.525	9.184	3.880	5.826	8.966	8.159	7.334	7.410	9.607	0.000	0.232	7.674	9.341	8.543	3.055	8.666	7.137	10.549	10.081	2.720	6.757	10.691	7.011	7.675	7.169	5.785	8.920	2.372	6.310	]
[5.207	10.357	1.448	6.432	8.837	3.716	3.757	5.507	4.977	5.507	8.478	8.098	6.719	8.791	1.694	2.956	4.999	6.635	4.944	4.533	5.728	6.247	7.883	10.613	10.942	6.422	7.948	8.491	8.741	9.236	8.233	9.919	7.068	5.072	6.337	9.766	4.204	11.578	7.367	3.736	4.396	6.431	7.033	11.168	4.584	6.626	7.721	8.152	4.470	7.717	10.816	8.713	9.391	4.019	5.863	9.171	8.149	7.276	7.575	9.668	0.232	0.000	7.816	9.543	8.493	3.267	8.605	7.078	10.613	10.123	2.800	6.811	10.804	7.110	7.782	7.086	6.011	8.838	2.545	6.302	]
[2.842	4.375	7.291	2.425	1.238	4.117	4.059	5.977	4.075	2.397	4.398	7.440	2.298	4.979	6.161	6.665	3.554	6.329	3.531	3.833	2.796	3.136	5.817	2.797	3.139	2.099	2.082	1.595	4.732	3.090	0.687	3.743	1.823	2.976	5.870	2.858	3.797	4.909	3.434	4.746	4.849	3.280	4.853	3.566	4.596	6.680	5.881	4.719	4.476	1.395	3.027	2.497	4.016	3.798	3.824	3.702	5.521	6.657	0.982	3.885	7.674	7.816	0.000	3.718	6.940	5.193	7.370	6.631	4.428	4.792	5.183	3.203	3.320	1.789	1.410	7.323	4.904	8.172	5.344	4.969	]
[4.575	7.624	8.517	3.211	4.316	6.120	6.218	9.399	7.322	5.314	8.092	11.122	2.944	2.097	7.887	9.417	6.715	9.917	4.612	6.814	6.138	3.297	9.526	4.029	3.844	5.616	5.771	5.097	8.415	0.635	4.181	0.478	2.799	5.926	9.435	5.925	6.478	7.650	2.251	7.564	5.325	3.127	3.363	5.493	7.760	10.251	9.582	2.348	7.582	5.106	3.661	1.234	0.505	6.032	7.324	0.445	9.240	10.303	2.955	7.297	9.341	9.543	3.718	0.000	10.653	6.309	11.079	10.258	7.569	8.219	7.537	6.872	5.576	5.474	5.115	10.918	4.172	11.872	7.058	8.555	]
[7.442	4.806	9.175	8.342	6.686	6.992	6.739	2.987	4.373	5.983	2.828	0.895	8.437	11.614	7.815	5.566	4.872	1.863	8.168	5.168	4.945	8.908	1.131	8.284	8.793	5.173	4.973	5.806	2.641	10.029	6.574	10.679	8.221	5.617	2.181	5.834	5.822	6.143	9.814	5.313	9.165	9.168	10.822	7.579	4.394	1.947	1.114	11.190	4.609	5.576	8.818	9.423	10.918	6.635	3.769	10.600	1.457	1.249	7.739	4.465	8.543	8.493	6.940	10.653	0.000	8.490	0.448	1.454	5.122	4.018	6.371	3.824	7.113	5.184	5.578	1.815	10.320	1.289	7.612	2.584	]
[2.352	8.708	2.241	3.320	6.374	1.562	1.801	5.809	4.142	3.357	7.387	8.431	3.603	5.549	1.733	4.224	3.753	6.859	1.809	3.365	4.107	3.020	7.553	7.914	8.162	4.521	6.032	6.290	7.723	6.046	5.756	6.705	4.025	3.271	6.404	7.677	2.724	9.689	4.106	3.239	1.185	3.184	3.840	8.745	4.107	7.023	7.462	4.911	3.885	5.569	8.013	5.568	6.135	1.979	4.906	5.924	7.620	7.489	4.693	8.043	3.055	3.267	5.193	6.309	8.490	0.000	8.755	7.332	8.895	8.727	2.349	5.488	8.459	5.132	5.634	7.662	2.854	9.265	1.133	5.919	]
[7.792	5.226	9.347	8.725	7.131	7.279	7.025	3.125	4.670	6.347	3.275	0.637	8.827	12.011	8.007	5.657	5.193	1.986	8.503	5.466	5.312	9.279	1.553	8.732	9.241	5.573	5.414	6.251	3.084	10.456	7.012	11.110	8.623	5.959	2.375	6.279	6.118	6.548	10.204	5.549	9.468	9.540	11.185	8.019	4.649	1.987	1.507	11.578	4.870	6.011	9.267	9.847	11.338	6.933	4.116	11.020	1.903	1.334	8.158	4.901	8.666	8.605	7.370	11.079	0.448	8.755	0.000	1.529	5.539	4.428	6.588	4.233	7.555	5.606	6.014	1.697	10.660	0.841	7.846	2.893	]
[6.588	5.485	7.827	7.645	6.641	5.904	5.651	1.603	3.358	5.219	3.225	1.100	7.782	10.979	6.500	4.134	3.935	0.475	7.242	4.137	4.222	8.137	1.434	8.421	8.924	4.644	4.893	5.784	3.197	9.655	6.398	10.347	7.646	4.750	0.943	6.150	4.773	6.892	9.144	4.098	8.114	8.405	10.002	7.955	3.240	0.498	1.229	10.502	3.469	5.373	8.918	9.026	10.464	5.588	2.990	10.146	1.936	0.205	7.303	4.997	7.137	7.078	6.631	10.258	1.454	7.332	1.529	0.000	5.812	4.796	5.107	3.432	7.481	4.845	5.392	0.745	9.400	1.933	6.380	1.718	]
[6.772	0.327	10.597	6.800	3.355	7.438	7.259	6.303	5.678	5.538	2.627	5.974	6.709	9.248	9.231	8.362	5.619	5.831	7.587	6.089	4.947	7.516	4.402	3.951	4.406	4.387	2.866	2.855	2.615	6.962	3.749	7.383	6.250	5.725	5.637	1.653	6.515	1.092	7.847	6.893	8.919	7.685	9.282	2.760	6.150	6.172	4.595	9.077	6.207	3.414	4.508	6.538	7.996	7.016	4.830	7.720	3.896	5.698	5.398	0.959	10.549	10.613	4.428	7.569	5.122	8.895	5.539	5.812	0.000	1.123	7.832	3.818	2.373	3.764	3.354	6.525	9.279	6.344	8.592	4.991	]
[6.773	0.833	10.252	7.023	3.906	7.207	7.003	5.450	5.147	5.405	1.748	4.881	6.977	9.748	8.854	7.684	5.205	4.861	7.602	5.674	4.645	7.728	3.367	4.872	5.354	4.230	2.889	3.208	1.632	7.594	4.158	8.085	6.562	5.470	4.722	2.378	6.179	2.129	8.215	6.389	8.901	7.925	9.580	3.812	5.564	5.186	3.568	9.511	5.657	3.557	5.434	7.109	8.612	6.779	4.261	8.320	2.861	4.667	5.772	0.923	10.081	10.123	4.792	8.219	4.018	8.727	4.428	4.796	1.123	0.000	7.397	3.346	3.390	3.711	3.510	5.488	9.457	5.227	8.288	4.175	]
[2.963	7.583	2.915	4.328	6.115	1.445	1.320	3.534	2.292	2.799	5.817	6.205	4.593	7.327	1.501	2.002	2.214	4.632	3.102	1.743	2.928	4.412	5.550	7.955	8.320	3.630	5.148	5.712	6.109	7.113	5.527	7.840	4.811	2.301	4.213	6.969	1.428	8.783	5.607	1.088	3.375	4.659	5.832	8.410	2.032	4.756	5.425	6.721	1.854	4.938	8.210	6.520	7.504	1.517	3.179	7.234	5.715	5.280	5.119	6.894	2.720	2.800	5.183	7.537	6.371	2.349	6.588	5.107	7.832	7.397	0.000	4.057	8.032	4.317	5.003	5.369	4.962	7.026	1.287	3.893	]
[3.849	3.550	6.908	4.565	3.290	3.935	3.714	3.013	1.860	2.357	1.903	4.250	4.637	7.796	5.508	4.604	1.859	3.154	4.651	2.328	1.395	5.176	2.695	5.171	5.656	1.364	1.612	2.490	2.247	6.258	2.982	6.935	4.400	2.226	2.722	3.300	2.850	4.829	6.012	3.079	5.842	5.425	7.107	5.032	2.347	3.515	2.727	7.388	2.391	1.961	5.624	5.638	7.112	3.511	1.047	6.794	2.504	3.454	3.932	2.864	6.757	6.811	3.203	6.872	3.824	5.488	4.233	3.432	3.818	3.346	4.057	0.000	4.579	1.415	1.988	4.137	6.726	5.007	4.959	1.822	]
[6.128	2.580	10.466	5.685	2.094	7.230	7.118	7.534	6.265	5.317	4.321	7.888	5.509	7.467	9.229	9.077	5.971	7.374	6.847	6.391	5.164	6.371	6.196	1.649	2.059	4.414	3.021	2.321	4.472	5.022	2.706	5.309	4.996	5.735	7.057	1.335	6.607	2.105	6.368	7.309	8.169	6.470	7.875	0.474	6.805	7.741	6.356	7.420	6.781	3.093	2.181	4.733	6.047	6.854	5.599	5.809	5.724	7.414	4.107	2.676	10.691	10.804	3.320	5.576	7.113	8.459	7.555	7.481	2.373	3.390	8.032	4.579	0.000	3.735	3.029	8.226	8.109	8.390	8.464	6.241	]
[3.064	3.587	6.913	3.431	2.038	3.702	3.542	4.285	2.605	1.777	2.826	5.656	3.445	6.514	5.597	5.389	2.243	4.553	3.893	2.655	1.430	4.106	4.055	3.973	4.428	0.687	0.900	1.422	3.181	4.855	1.620	5.525	3.129	2.050	4.104	2.662	2.907	4.583	4.789	3.577	5.200	4.328	6.016	4.138	3.152	4.909	4.108	6.154	3.094	0.680	4.371	4.242	5.734	3.289	2.137	5.416	3.795	4.868	2.559	2.939	7.011	7.110	1.789	5.474	5.184	5.132	5.606	4.845	3.764	3.711	4.317	1.415	3.735	0.000	0.735	5.543	5.786	6.398	4.894	3.201	]
[3.429	3.229	7.515	3.514	1.326	4.280	4.143	4.957	3.339	2.339	2.987	6.127	3.468	6.361	6.233	6.123	2.972	5.136	4.237	3.373	2.155	4.223	4.465	3.252	3.717	1.390	0.676	0.710	3.322	4.483	1.009	5.109	3.069	2.710	4.710	2.049	3.580	4.061	4.735	4.301	5.573	4.416	6.072	3.419	3.886	5.500	4.546	6.065	3.829	0.067	3.668	3.903	5.424	3.882	2.831	5.111	4.142	5.395	2.340	2.647	7.675	7.782	1.410	5.115	5.578	5.634	6.014	5.392	3.354	3.510	5.003	1.988	3.029	0.735	0.000	6.110	5.966	6.830	5.498	3.810	]
[7.110	6.198	7.955	8.224	7.371	6.302	6.053	1.855	3.854	5.795	3.957	1.083	8.375	11.565	6.684	4.132	4.459	1.001	7.723	4.603	4.828	8.684	2.124	9.162	9.664	5.303	5.625	6.518	3.911	10.322	7.113	11.022	8.266	5.289	1.489	6.895	5.215	7.598	9.724	4.429	8.514	8.954	10.518	8.700	3.649	0.688	1.930	11.070	3.880	6.089	9.657	9.689	11.108	6.017	3.607	10.791	2.631	0.828	7.964	5.726	7.169	7.086	7.323	10.918	1.815	7.662	1.697	0.745	6.525	5.488	5.369	4.137	8.226	5.543	6.110	0.000	9.870	1.753	6.655	2.364	]
[2.891	9.184	4.737	2.484	6.115	3.650	3.879	8.048	6.043	4.382	8.536	10.462	2.613	2.841	4.584	6.948	5.477	8.953	2.160	5.270	5.411	1.769	9.254	7.056	7.132	5.421	6.568	6.426	8.895	4.155	5.589	4.637	3.118	4.703	8.460	7.757	4.657	9.812	2.020	5.562	1.670	1.640	1.030	8.253	6.226	9.191	9.217	2.212	5.997	5.913	6.952	3.919	3.841	3.869	6.551	3.732	9.179	9.522	4.010	8.612	5.785	6.011	4.904	4.172	10.320	2.854	10.660	9.400	9.279	9.457	4.962	6.726	8.109	5.786	5.966	9.870	0.000	11.297	3.936	7.774	]
[8.454	6.035	9.685	9.442	7.963	7.834	7.580	3.495	5.263	7.039	4.117	0.839	9.556	12.749	8.389	5.884	5.820	2.406	9.137	6.052	6.013	9.972	2.365	9.573	10.083	6.326	6.239	7.083	3.922	11.252	7.832	11.914	9.373	6.613	2.870	7.119	6.694	7.334	10.930	6.030	10.040	10.237	11.863	8.854	5.172	2.277	2.291	12.301	5.400	6.825	10.107	10.639	12.119	7.510	4.795	11.801	2.741	1.786	8.939	5.731	8.920	8.838	8.172	11.872	1.289	9.265	0.841	1.933	6.344	5.227	7.026	5.007	8.390	6.398	6.830	1.753	11.297	0.000	8.304	3.533	]
[2.663	8.373	2.019	3.903	6.431	1.237	1.355	4.816	3.375	3.160	6.813	7.479	4.188	6.525	0.850	3.092	3.117	5.905	2.447	2.669	3.657	3.782	6.744	8.136	8.442	4.226	5.781	6.193	7.129	6.720	5.815	7.417	4.525	2.868	5.474	7.538	2.110	9.470	4.947	2.299	2.276	3.991	4.887	8.797	3.226	6.038	6.632	5.895	3.022	5.431	8.310	6.182	6.944	1.616	4.218	6.705	6.867	6.548	5.040	7.690	2.372	2.545	5.344	7.058	7.612	1.133	7.846	6.380	8.592	8.288	1.287	4.959	8.464	4.894	5.498	6.655	3.936	8.304	0.000	5.087	]
