N=80;
nK1=30;
nK2=30;
nK3=20;
K1=[1 	3 	4 	7 	10 	11 	17 	21 	23 	24 	29 	33 	35 	38 	39 	40 	42 	43 	44 	45 	50 	51 	54 	59 	61 	68 	75 	76 	78 	80 	];
K2=[2 	5 	8 	9 	12 	16 	20 	22 	25 	26 	27 	30 	31 	34 	36 	41 	46 	47 	52 	57 	58 	60 	62 	63 	65 	66 	69 	70 	72 	73 	];
K3=[6 	13 	14 	15 	18 	19 	28 	32 	37 	48 	49 	53 	55 	56 	64 	67 	71 	74 	77 	79 	];
DG=[4.760000e+01	3.780000e+01	6.160000e+01	5.460000e+01	35	5.460000e+01	2.940000e+01	35	5.740000e+01	5.040000e+01	4.760000e+01	5.040000e+01	6.440000e+01	3.780000e+01	28	70	42	3.220000e+01	3.080000e+01	5.880000e+01	6.160000e+01	5.460000e+01	6.440000e+01	3.360000e+01	5.740000e+01	2.940000e+01	56	70	6.160000e+01	56	4.340000e+01	5.320000e+01	5.740000e+01	5.460000e+01	35	3.080000e+01	4.480000e+01	42	5.740000e+01	3.920000e+01	5.460000e+01	5.040000e+01	42	6.860000e+01	3.920000e+01	28	56	5.740000e+01	6.720000e+01	4.760000e+01	5.880000e+01	6.020000e+01	3.920000e+01	3.220000e+01	3.920000e+01	28	4.340000e+01	4.620000e+01	6.160000e+01	5.320000e+01	3.920000e+01	6.720000e+01	5.040000e+01	6.720000e+01	3.920000e+01	5.320000e+01	3.220000e+01	42	3.640000e+01	6.440000e+01	6.860000e+01	6.720000e+01	5.740000e+01	35	6.300000e+01	3.780000e+01	5.320000e+01	6.720000e+01	3.920000e+01	6.300000e+01	];
LOAD=[34	27	44	39	25	39	21	25	41	36	34	36	46	27	20	50	30	23	22	42	44	39	46	24	41	21	40	50	44	40	31	38	41	39	25	22	32	30	41	28	39	36	30	49	28	20	40	41	48	34	42	43	28	23	28	20	31	33	44	38	28	48	36	48	28	38	23	30	26	46	49	48	41	25	45	27	38	48	28	45	];
DIST=[[0.000	4.589	7.952	10.035	12.279	7.198	6.280	11.459	5.649	8.108	7.749	4.475	2.052	0.967	7.293	11.212	7.772	3.422	4.542	5.989	4.957	5.542	8.856	2.217	9.019	9.789	9.210	5.126	8.515	4.141	9.090	3.183	6.901	7.355	5.130	9.230	7.362	3.519	3.565	7.906	6.972	6.147	7.837	10.696	8.205	10.779	7.992	2.699	9.082	5.695	6.218	10.472	7.161	3.206	8.458	2.872	7.629	4.754	0.995	9.117	8.936	5.159	5.345	4.728	5.969	8.872	6.374	9.040	5.941	9.082	2.207	10.066	3.881	6.374	8.698	7.895	3.819	11.034	8.888	8.969	]
[4.589	0.000	8.991	8.381	9.440	3.087	6.726	7.969	3.724	3.566	7.342	5.833	2.653	4.143	4.094	7.559	5.151	4.079	5.908	6.060	4.776	4.059	4.267	4.385	6.924	8.283	8.032	0.724	6.191	1.133	4.531	1.818	7.592	5.117	2.796	9.862	6.950	4.000	1.583	4.288	2.508	6.911	7.278	8.340	3.969	6.830	8.653	4.260	8.936	2.295	1.740	7.192	2.682	1.452	7.912	1.730	6.395	0.680	3.608	8.137	8.194	4.618	4.024	5.785	2.808	5.930	7.082	5.254	1.645	4.580	2.491	6.005	5.619	7.132	9.606	5.110	0.919	7.727	4.962	5.115	]
[7.952	8.991	0.000	5.249	8.644	8.796	2.283	9.480	5.745	10.523	2.702	3.556	8.610	7.134	7.235	9.698	6.352	5.194	3.481	2.993	4.220	5.259	11.588	5.863	5.675	4.894	4.132	9.685	5.960	9.641	12.275	9.282	1.414	5.734	6.489	1.374	2.825	5.209	7.527	8.073	9.562	2.088	2.948	6.805	9.496	10.158	0.720	5.532	2.334	7.538	10.417	8.465	9.701	8.774	2.894	8.488	4.111	8.464	7.815	3.766	3.307	4.426	5.189	3.415	7.196	7.132	1.909	8.835	10.536	10.914	8.628	10.024	4.096	1.861	0.749	6.636	8.228	8.829	9.073	8.948	]
[10.035	8.381	5.249	0.000	3.399	6.405	4.553	4.620	4.804	7.944	2.892	6.225	9.549	9.069	4.629	5.013	3.381	6.621	6.204	4.381	5.101	4.675	8.887	7.911	1.560	0.358	1.142	8.845	2.331	9.435	9.686	9.618	4.666	3.268	5.688	4.712	3.101	6.518	7.594	5.067	7.473	4.966	2.669	1.617	6.568	5.835	4.535	7.389	3.056	6.133	9.046	3.809	7.519	9.021	2.402	8.923	2.409	7.702	9.388	1.487	1.943	4.876	4.828	5.859	5.615	3.250	4.823	5.183	9.383	7.839	9.476	6.064	6.794	4.887	5.142	3.539	8.070	3.985	5.583	5.373	]
[12.279	9.440	8.644	3.399	0.000	6.640	7.696	2.310	6.635	7.634	6.163	9.133	11.304	11.345	5.362	2.930	4.539	9.046	9.129	7.352	7.681	6.753	8.297	10.371	3.445	3.752	4.515	9.677	3.785	10.573	9.073	11.044	7.960	4.926	7.280	8.075	6.278	8.916	9.194	5.227	7.677	8.140	5.918	1.876	6.271	4.101	7.927	9.849	6.440	7.202	9.483	2.410	7.636	10.479	5.769	10.497	5.213	8.796	11.467	4.878	5.338	7.358	6.960	8.766	6.733	3.541	8.033	4.591	9.921	7.094	11.192	4.770	9.627	8.104	8.535	4.468	9.455	2.034	5.022	4.794	]
[7.198	3.087	8.796	6.405	6.640	0.000	6.599	4.940	3.123	1.734	6.456	6.573	5.543	6.494	1.808	4.494	3.054	5.221	6.628	5.876	4.953	3.623	2.796	6.168	4.845	6.424	6.448	3.127	4.075	4.177	3.517	4.888	7.419	3.400	2.695	9.271	6.153	5.085	3.634	1.444	1.087	6.949	6.295	5.888	1.019	3.747	8.257	5.806	7.941	1.655	2.848	4.275	1.114	4.432	6.807	4.603	5.121	2.591	6.214	6.678	6.899	4.613	3.755	6.356	1.719	3.357	7.039	2.197	3.282	2.241	5.392	2.940	6.655	7.111	9.235	2.868	3.492	4.774	1.877	2.042	]
[6.280	6.726	2.283	4.553	7.696	6.599	0.000	8.019	3.501	8.312	1.706	1.874	6.579	5.367	5.153	8.121	4.459	3.122	1.826	0.726	1.951	3.006	9.375	4.072	4.335	4.218	3.464	7.413	4.357	7.423	10.041	7.139	0.870	3.805	4.210	3.196	1.452	3.103	5.299	6.020	7.314	0.456	1.898	5.828	7.363	8.388	1.945	3.638	2.806	5.273	8.134	6.946	7.459	6.604	2.371	6.343	2.539	6.187	5.943	3.226	2.902	2.143	2.920	1.565	4.954	5.418	0.450	6.901	8.256	8.770	6.575	8.127	2.496	0.527	2.881	4.738	5.990	7.395	7.082	6.986	]
[11.459	7.969	9.480	4.620	2.310	4.940	8.019	0.000	5.937	5.601	6.797	9.077	10.167	10.588	4.173	0.626	3.878	8.544	9.094	7.501	7.427	6.215	6.140	9.816	3.806	4.906	5.512	8.067	3.664	9.087	6.890	9.707	8.505	4.475	6.329	9.220	6.772	8.401	8.072	3.702	5.869	8.475	6.546	3.078	4.339	1.809	8.769	9.323	7.553	5.922	7.684	1.086	5.790	9.189	6.628	9.280	5.507	7.386	10.554	5.891	6.333	7.056	6.433	8.733	5.543	2.740	8.426	2.745	8.150	4.930	10.035	2.557	9.464	8.504	9.546	3.676	8.177	0.653	3.113	2.915	]
[5.649	3.724	5.745	4.804	6.635	3.123	3.501	5.937	0.000	4.817	3.686	3.561	4.798	4.727	2.003	5.792	2.129	2.620	3.606	2.775	1.866	0.500	5.878	3.880	3.508	4.655	4.329	4.304	2.906	4.697	6.540	4.816	4.344	1.728	0.929	6.377	3.316	2.476	2.791	2.851	3.817	3.833	3.593	5.130	3.966	5.645	5.264	3.388	5.272	1.811	4.817	4.898	3.960	4.219	4.210	4.123	2.674	3.072	4.837	4.416	4.472	1.504	0.649	3.300	1.454	3.253	3.933	3.934	5.028	5.338	4.710	5.146	3.767	4.003	6.246	2.278	3.286	5.452	3.973	3.949	]
[8.108	3.566	10.523	7.944	7.634	1.734	8.312	5.601	4.817	0.000	8.185	8.162	6.219	7.546	3.478	5.037	4.684	6.678	8.222	7.586	6.604	5.316	1.064	7.457	6.396	8.001	8.094	3.234	5.645	4.409	1.794	5.317	9.141	5.095	4.269	11.004	7.886	6.551	4.675	2.879	1.182	8.650	8.020	7.217	1.411	3.993	9.991	7.164	9.656	3.160	2.400	5.227	0.991	5.017	8.520	5.288	6.834	3.367	7.115	8.345	8.588	6.281	5.433	7.973	3.373	4.748	8.748	3.061	2.880	1.042	6.056	3.121	8.180	8.818	10.968	4.464	4.291	5.629	2.621	2.853	]
[7.749	7.342	2.702	2.892	6.163	6.456	1.706	6.797	3.686	8.185	0.000	3.519	7.737	6.801	4.755	6.999	3.738	4.393	3.482	1.763	2.911	3.290	9.238	5.537	2.993	2.546	1.773	7.963	3.261	8.210	9.973	8.109	1.798	3.166	4.580	2.830	0.410	4.330	6.123	5.541	7.349	2.090	0.252	4.288	7.031	7.465	2.015	5.052	1.594	5.467	8.501	5.770	7.462	7.533	0.710	7.331	1.444	6.720	7.282	1.520	1.216	2.875	3.319	3.174	5.033	4.441	1.935	6.203	8.712	8.447	7.704	7.366	4.129	1.997	2.911	4.017	6.753	6.150	6.474	6.331	]
[4.475	5.833	3.556	6.225	9.133	6.573	1.874	9.077	3.561	8.162	3.519	0.000	5.072	3.606	5.535	9.063	5.245	1.774	0.079	1.844	1.722	3.106	9.189	2.317	5.689	5.914	5.206	6.555	5.493	6.296	9.756	5.818	2.426	4.613	3.897	4.774	3.192	1.836	4.268	6.401	7.041	1.677	3.672	7.315	7.489	9.103	3.524	1.978	4.666	5.001	7.447	7.992	7.213	5.354	4.213	5.037	3.941	5.429	4.262	5.016	4.734	2.106	2.917	0.369	4.855	6.349	1.904	7.446	7.463	8.814	5.100	8.675	0.622	1.900	4.286	5.488	4.975	8.499	7.522	7.482	]
[2.052	2.653	8.610	9.549	11.304	5.543	6.579	10.167	4.798	6.219	7.737	5.072	0.000	1.972	6.030	9.839	6.778	3.459	5.150	6.089	4.830	4.874	6.893	2.892	8.306	9.362	8.911	3.115	7.682	2.089	7.077	1.138	7.352	6.506	4.034	9.746	7.328	3.478	2.116	6.487	5.136	6.589	7.760	9.913	6.506	9.255	8.479	3.101	9.242	4.246	4.196	9.265	5.317	1.208	8.414	0.946	7.238	2.967	1.204	8.903	8.823	4.883	4.726	5.196	4.638	7.780	6.803	7.572	3.898	7.228	0.164	8.478	4.612	6.827	9.322	6.836	2.051	9.823	7.351	7.468	]
[0.967	4.143	7.134	9.069	11.345	6.494	5.367	10.588	4.727	7.546	6.801	3.606	1.972	0.000	6.440	10.365	6.855	2.456	3.677	5.045	3.992	4.597	8.365	1.298	8.064	8.823	8.246	4.762	7.572	3.929	8.673	3.067	6.023	6.419	4.267	8.380	6.411	2.553	2.890	7.094	6.382	5.261	6.883	9.744	7.511	9.986	7.129	1.750	8.160	4.927	5.852	9.585	6.573	2.909	7.508	2.539	6.663	4.182	0.802	8.157	7.981	4.193	4.396	3.832	5.155	7.968	5.487	8.237	5.639	8.481	2.087	9.303	3.039	5.492	7.874	6.989	3.284	10.145	8.112	8.178	]
[7.293	4.094	7.235	4.629	5.362	1.808	5.153	4.173	2.003	3.478	4.755	5.535	6.030	6.440	0.000	3.925	1.254	4.576	5.575	4.457	3.817	2.430	4.511	5.768	3.074	4.630	4.640	4.404	2.300	5.222	5.272	5.687	5.913	1.619	2.173	7.585	4.488	4.431	3.919	0.878	2.851	5.551	4.575	4.290	2.278	3.657	6.646	5.308	6.186	1.841	4.446	3.235	2.910	5.131	5.049	5.176	3.368	3.439	6.381	4.875	5.110	3.437	2.626	5.252	1.394	1.836	5.602	1.931	4.816	3.696	5.906	3.146	5.768	5.678	7.609	1.100	4.106	3.794	1.989	1.949	]
[11.212	7.559	9.698	5.013	2.930	4.494	8.121	0.626	5.792	5.037	6.999	9.063	9.839	10.365	3.925	0.000	3.821	8.411	9.085	7.564	7.380	6.111	5.539	9.656	4.040	5.276	5.831	7.616	3.781	8.666	6.281	9.325	8.658	4.452	6.099	9.521	6.939	8.267	7.765	3.352	5.374	8.574	6.752	3.538	3.821	1.184	8.997	9.175	7.863	5.597	7.179	1.244	5.284	8.824	6.890	8.935	5.653	7.001	10.287	6.205	6.633	7.002	6.327	8.729	5.254	2.727	8.541	2.306	7.651	4.331	9.702	1.955	9.416	8.620	9.809	3.589	7.823	1.069	2.630	2.452	]
[7.772	5.151	6.352	3.381	4.539	3.054	4.459	3.878	2.129	4.684	3.738	5.245	6.778	6.855	1.254	3.821	0.000	4.686	5.268	3.832	3.561	2.347	5.691	5.982	1.835	3.376	3.410	5.541	1.065	6.255	6.469	6.601	5.122	0.658	2.746	6.546	3.535	4.546	4.680	1.857	4.105	4.895	3.530	3.201	3.394	3.937	5.714	5.476	5.063	2.857	5.671	2.810	4.162	6.019	3.932	6.002	2.299	4.475	6.936	3.665	3.933	3.185	2.565	4.914	2.344	1.144	4.901	2.482	6.022	4.779	6.672	3.685	5.599	4.980	6.644	0.283	5.007	3.352	2.736	2.598	]
[3.422	4.079	5.194	6.621	9.046	5.221	3.122	8.544	2.620	6.678	4.393	1.774	3.459	2.456	4.576	8.411	4.686	0.000	1.851	2.671	1.537	2.340	7.665	1.326	5.685	6.370	5.791	4.802	5.263	4.525	8.173	4.091	3.899	4.162	2.557	6.291	3.993	0.145	2.503	5.371	5.516	3.140	4.457	7.371	6.205	8.233	5.025	0.802	5.830	3.574	5.730	7.490	5.699	3.601	5.094	3.299	4.213	3.719	2.890	5.709	5.551	1.751	2.123	1.797	3.567	5.829	3.351	6.496	5.718	7.433	3.459	7.676	1.557	3.378	5.888	4.869	3.207	8.037	6.478	6.487	]
[4.542	5.908	3.481	6.204	9.129	6.628	1.826	9.094	3.606	8.222	3.482	0.079	5.150	3.677	5.575	9.085	5.268	1.851	0.000	1.824	1.759	3.146	9.251	2.390	5.687	5.891	5.178	6.630	5.502	6.374	9.820	5.897	2.360	4.634	3.955	4.703	3.161	1.913	4.344	6.442	7.103	1.616	3.639	7.307	7.540	9.134	3.454	2.055	4.611	5.061	7.519	8.008	7.275	5.433	4.174	5.116	3.932	5.502	4.336	4.983	4.696	2.141	2.960	0.366	4.909	6.369	1.842	7.483	7.537	8.868	5.178	8.713	0.677	1.837	4.211	5.513	5.051	8.513	7.562	7.520	]
[5.989	6.060	2.993	4.381	7.352	5.876	0.726	7.501	2.775	7.586	1.763	1.844	6.089	5.045	4.457	7.564	3.832	2.671	1.824	0.000	1.313	2.281	8.649	3.775	3.928	4.071	3.373	6.737	3.845	6.800	9.315	6.572	1.581	3.175	3.495	3.809	1.392	2.625	4.675	5.329	6.588	1.094	1.875	5.510	6.650	7.769	2.594	3.295	3.161	4.550	7.433	6.419	6.733	6.021	2.473	5.779	2.139	5.503	5.553	3.206	2.967	1.447	2.198	1.479	4.229	4.842	1.164	6.240	7.567	8.053	6.071	7.472	2.422	1.236	3.557	4.105	5.354	6.892	6.404	6.317	]
[4.957	4.776	4.220	5.101	7.681	4.953	1.951	7.427	1.866	6.604	2.911	1.722	4.830	3.992	3.817	7.380	3.561	1.537	1.759	1.313	0.000	1.392	7.653	2.810	4.261	4.841	4.254	5.465	3.936	5.489	8.272	5.266	2.817	2.952	2.365	5.117	2.503	1.450	3.364	4.686	5.534	2.159	2.950	5.940	5.827	7.385	3.886	2.288	4.420	3.469	6.213	6.347	5.694	4.710	3.598	4.475	2.693	4.245	4.401	4.176	4.035	0.384	1.217	1.438	3.240	4.687	2.315	5.724	6.317	7.185	4.801	6.954	2.038	2.370	4.831	3.793	4.047	6.870	5.805	5.761	]
[5.542	4.059	5.259	4.675	6.753	3.623	3.006	6.215	0.500	5.316	3.290	3.106	4.874	4.597	2.430	6.111	2.347	2.340	3.146	2.281	1.392	0.000	6.377	3.645	3.495	4.494	4.095	4.673	2.976	4.975	7.035	5.004	3.854	1.835	1.294	5.927	2.906	2.201	2.970	3.296	4.308	3.334	3.220	5.160	4.458	6.035	4.794	3.134	4.884	2.281	5.246	5.155	4.453	4.410	3.854	4.275	2.415	3.429	4.788	4.144	4.157	1.019	0.218	2.830	1.949	3.491	3.437	4.349	5.433	5.835	4.801	5.574	3.353	3.505	5.775	2.539	3.533	5.700	4.416	4.378	]
[8.856	4.267	11.588	8.887	8.297	2.796	9.375	6.140	5.878	1.064	9.238	9.189	6.893	8.365	4.511	5.539	5.691	7.665	9.251	8.649	7.653	6.377	0.000	8.376	7.353	8.964	9.094	3.796	6.617	4.941	0.804	5.902	10.205	6.130	5.307	12.060	8.944	7.543	5.542	3.853	2.153	9.711	9.070	8.058	2.321	4.404	11.054	8.113	10.696	4.195	2.782	5.925	1.976	5.686	9.559	5.993	7.876	4.197	7.873	9.356	9.613	7.336	6.490	9.010	4.431	5.654	9.811	3.836	3.207	1.210	6.729	3.585	9.185	9.880	12.031	5.459	5.081	6.265	3.397	3.628	]
[2.217	4.385	5.863	7.911	10.371	6.168	4.072	9.816	3.880	7.457	5.537	2.317	2.892	1.298	5.768	9.656	5.982	1.326	2.390	3.775	2.810	3.645	8.376	0.000	7.010	7.648	7.037	5.083	6.587	4.501	8.792	3.815	4.727	5.477	3.642	7.091	5.154	1.455	2.867	6.515	6.275	3.964	5.632	8.696	7.180	9.407	5.837	0.527	6.869	4.521	6.122	8.775	6.466	3.473	6.246	3.109	5.503	4.219	1.956	6.927	6.730	3.063	3.431	2.535	4.625	7.121	4.190	7.656	6.006	8.305	2.954	8.799	1.774	4.196	6.598	6.152	3.467	9.326	7.596	7.628	]
[9.019	6.924	5.675	1.560	3.445	4.845	4.335	3.806	3.508	6.396	2.993	5.689	8.306	8.064	3.074	4.040	1.835	5.685	5.687	3.928	4.261	3.495	7.353	7.010	0.000	1.611	1.889	7.351	0.774	8.005	8.149	8.265	4.731	1.831	4.326	5.499	2.996	5.563	6.272	3.517	5.915	4.788	2.742	1.687	5.032	4.644	4.967	6.483	3.861	4.646	7.506	2.799	5.959	7.672	2.851	7.609	1.801	6.244	8.283	2.235	2.630	3.958	3.681	5.322	4.127	1.779	4.709	3.730	7.855	6.335	8.217	4.725	6.183	4.785	5.769	1.980	6.688	3.157	4.106	3.908	]
[9.789	8.283	4.894	0.358	3.752	6.424	4.218	4.906	4.655	8.001	2.546	5.914	9.362	8.823	4.630	5.276	3.376	6.370	5.891	4.071	4.841	4.494	8.964	7.648	1.611	0.000	0.786	8.769	2.358	9.320	9.759	9.469	4.313	3.194	5.555	4.379	2.768	6.270	7.438	5.123	7.481	4.626	2.327	1.949	6.642	6.055	4.178	7.128	2.717	6.060	9.012	4.056	7.535	8.872	2.044	8.760	2.163	7.606	9.164	1.130	1.587	4.633	4.636	5.550	5.545	3.366	4.479	5.314	9.336	7.942	9.293	6.243	6.490	4.542	4.796	3.557	7.936	4.264	5.702	5.498	]
[9.210	8.032	4.132	1.142	4.515	6.448	3.464	5.512	4.329	8.094	1.773	5.206	8.911	8.246	4.640	5.831	3.410	5.791	5.178	3.373	4.254	4.095	9.094	7.037	1.889	0.786	0.000	8.563	2.514	9.026	9.876	9.100	3.528	3.082	5.253	3.710	2.026	5.701	7.065	5.243	7.469	3.862	1.566	2.677	6.782	6.517	3.413	6.525	2.041	5.883	8.899	4.592	7.542	8.505	1.261	8.365	1.682	7.364	8.632	0.381	0.838	4.087	4.210	4.847	5.381	3.653	3.708	5.593	9.191	8.135	8.853	6.613	5.795	3.769	4.076	3.635	7.608	4.862	5.950	5.762	]
[5.126	0.724	9.685	8.845	9.677	3.127	7.413	8.067	4.304	3.234	7.963	6.555	3.115	4.762	4.404	7.616	5.541	4.802	6.630	6.737	5.465	4.673	3.796	5.083	7.351	8.769	8.563	0.000	6.599	1.176	3.966	2.108	8.281	5.579	3.387	10.529	7.577	4.723	2.306	4.460	2.328	7.610	7.887	8.691	3.884	6.797	9.331	4.975	9.557	2.712	1.095	7.365	2.473	1.921	8.512	2.259	6.955	1.246	4.170	8.689	8.771	5.291	4.656	6.503	3.230	6.221	7.777	5.324	0.926	4.274	2.952	5.944	6.342	7.829	10.290	5.467	1.629	7.881	4.988	5.165	]
[8.515	6.191	5.960	2.331	3.785	4.075	4.357	3.664	2.906	5.645	3.261	5.493	7.682	7.572	2.300	3.781	1.065	5.263	5.502	3.845	3.936	2.976	6.617	6.587	0.774	2.358	2.514	6.599	0.000	7.283	7.408	7.582	4.878	1.179	3.664	5.946	3.166	5.132	5.615	2.768	5.142	4.812	3.021	2.231	4.297	4.207	5.275	6.065	4.362	3.903	6.734	2.589	5.189	6.993	3.276	6.950	1.874	5.512	7.735	2.820	3.159	3.596	3.179	5.137	3.385	1.196	4.769	3.092	7.087	5.628	7.586	4.171	5.936	4.847	6.142	1.207	5.995	3.047	3.438	3.255	]
[4.141	1.133	9.641	9.435	10.573	4.177	7.423	9.087	4.697	4.409	8.210	6.296	2.089	3.929	5.222	8.666	6.255	4.525	6.374	6.800	5.489	4.975	4.941	4.501	8.005	9.320	9.026	1.176	7.283	0.000	5.043	0.985	8.272	6.185	3.775	10.606	7.808	4.479	2.126	5.416	3.475	7.553	8.169	9.452	5.005	7.900	9.367	4.508	9.796	3.408	2.172	8.323	3.630	1.037	8.815	1.412	7.365	1.787	3.244	9.106	9.132	5.393	4.907	6.310	3.913	7.058	7.742	6.361	1.824	5.449	1.934	7.060	5.981	7.784	10.294	6.226	1.457	8.856	6.054	6.216	]
[9.090	4.531	12.275	9.686	9.073	3.517	10.041	6.890	6.540	1.794	9.973	9.756	7.077	8.673	5.272	6.281	6.469	8.173	9.820	9.315	8.272	7.035	0.804	8.792	8.149	9.759	9.876	3.966	7.408	5.043	0.000	6.026	10.882	6.889	5.909	12.787	9.669	8.057	5.929	4.641	2.738	10.362	9.811	8.861	3.118	5.127	11.757	8.566	11.449	4.803	2.883	6.713	2.584	5.886	10.314	6.218	8.628	4.575	8.125	10.132	10.381	7.969	7.135	9.596	5.086	6.456	10.471	4.638	3.232	1.980	6.915	4.333	9.713	10.539	12.737	6.242	5.401	7.040	4.199	4.430	]
[3.183	1.818	9.282	9.618	11.044	4.888	7.139	9.707	4.816	5.317	8.109	5.818	1.138	3.067	5.687	9.325	6.601	4.091	5.897	6.572	5.266	5.004	5.902	3.815	8.265	9.469	9.100	2.108	7.582	0.985	6.026	0.000	7.959	6.435	3.942	10.334	7.700	4.073	2.035	6.006	4.312	7.213	8.098	9.795	5.786	8.634	9.076	3.916	9.667	3.847	3.148	8.878	4.480	0.597	8.753	0.797	7.419	2.324	2.331	9.139	9.115	5.238	4.897	5.885	4.312	7.504	7.415	7.024	2.809	6.349	0.996	7.817	5.430	7.449	9.967	6.612	1.595	9.425	6.752	6.895	]
[6.901	7.592	1.414	4.666	7.960	7.419	0.870	8.505	4.344	9.141	1.798	2.426	7.352	6.023	5.913	8.658	5.122	3.899	2.360	1.581	2.817	3.854	10.205	4.727	4.731	4.313	3.528	8.281	4.878	8.272	10.882	7.959	0.000	4.481	5.075	2.393	1.736	3.896	6.151	6.769	8.161	0.768	2.043	6.085	8.152	9.012	1.127	4.336	2.358	6.129	9.004	7.451	8.303	7.434	2.297	7.162	3.006	7.056	6.647	3.222	2.818	3.012	3.778	2.197	5.797	6.002	0.549	7.595	9.126	9.566	7.357	8.807	3.029	0.532	2.022	5.405	6.846	7.866	7.803	7.694	]
[7.355	5.117	5.734	3.268	4.926	3.400	3.805	4.475	1.728	5.095	3.166	4.613	6.506	6.419	1.619	4.452	0.658	4.162	4.634	3.175	2.952	1.835	6.130	5.477	1.831	3.194	3.082	5.579	1.179	6.185	6.889	6.435	4.481	0.000	2.500	5.992	2.932	4.026	4.449	2.375	4.395	4.239	2.973	3.408	3.878	4.595	5.110	4.961	4.568	2.867	5.833	3.395	4.476	5.842	3.431	5.786	1.754	4.437	6.561	3.287	3.499	2.584	2.046	4.277	2.351	1.738	4.248	3.114	6.145	5.288	6.411	4.329	4.989	4.327	6.055	0.933	4.857	3.921	3.339	3.217	]
[5.130	2.796	6.489	5.688	7.280	2.695	4.210	6.329	0.929	4.269	4.580	3.897	4.034	4.267	2.173	6.099	2.746	2.557	3.955	3.495	2.365	1.294	5.307	3.642	4.326	5.555	5.253	3.387	3.664	3.775	5.909	3.942	5.075	2.500	0.000	7.211	4.199	2.417	1.951	2.876	3.173	4.490	4.500	5.892	3.656	5.772	6.057	3.215	6.172	1.111	3.960	5.348	3.337	3.347	5.126	3.287	3.602	2.149	4.241	5.345	5.399	2.082	1.311	3.704	1.010	3.782	4.620	4.019	4.140	4.931	3.931	5.158	3.960	4.683	7.034	2.818	2.382	5.910	3.955	3.986	]
[9.230	9.862	1.374	4.712	8.075	9.271	3.196	9.220	6.377	11.004	2.830	4.774	9.746	8.380	7.585	9.521	6.546	6.291	4.703	3.809	5.117	5.927	12.060	7.091	5.499	4.379	3.710	10.529	5.946	10.606	12.787	10.334	2.393	5.992	7.211	0.000	3.119	6.284	8.480	8.367	10.134	3.159	3.020	6.327	9.861	10.127	1.267	6.719	1.670	8.187	11.171	8.277	10.255	9.799	2.671	9.538	4.250	9.288	9.026	3.330	2.889	5.244	5.902	4.577	7.787	7.142	2.942	8.983	11.337	11.277	9.750	10.112	5.351	2.921	0.699	6.821	9.163	8.569	9.275	9.122	]
[7.362	6.950	2.825	3.101	6.278	6.153	1.452	6.772	3.316	7.886	0.410	3.192	7.328	6.411	4.488	6.939	3.535	3.993	3.161	1.392	2.503	2.906	8.944	5.154	2.996	2.768	2.026	7.577	3.166	7.808	9.669	7.700	1.736	2.932	4.199	3.119	0.000	3.928	5.717	5.298	7.022	1.876	0.484	4.404	6.766	7.344	2.180	4.663	1.989	5.110	8.133	5.724	7.140	7.125	1.101	6.922	1.296	6.332	6.882	1.824	1.577	2.465	2.926	2.838	4.688	4.319	1.755	6.015	8.336	8.185	7.295	7.200	3.792	1.825	3.124	3.817	6.351	6.132	6.265	6.133	]
[3.519	4.000	5.209	6.518	8.916	5.085	3.103	8.401	2.476	6.551	4.330	1.836	3.478	2.553	4.431	8.267	4.546	0.145	1.913	2.625	1.450	2.201	7.543	1.455	5.563	6.270	5.701	4.723	5.132	4.479	8.057	4.073	3.896	4.026	2.417	6.284	3.928	0.000	2.432	5.226	5.392	3.143	4.387	7.249	6.066	8.088	5.020	0.935	5.786	3.440	5.637	7.349	5.574	3.571	5.028	3.279	4.110	3.623	2.956	5.626	5.478	1.642	1.985	1.832	3.427	5.689	3.349	6.351	5.635	7.300	3.472	7.531	1.661	3.380	5.895	4.727	3.139	7.897	6.334	6.342	]
[3.565	1.583	7.527	7.594	9.194	3.634	5.299	8.072	2.791	4.675	6.123	4.268	2.116	2.890	3.919	7.765	4.680	2.503	4.344	4.675	3.364	2.970	5.542	2.867	6.272	7.438	7.065	2.306	5.615	2.126	5.929	2.035	6.151	4.449	1.951	8.480	5.717	2.432	0.000	4.418	3.501	5.439	6.097	7.843	4.643	7.248	7.242	2.692	7.699	2.173	3.284	7.154	3.693	1.440	6.749	1.337	5.385	1.355	2.585	7.109	7.096	3.278	2.868	4.242	2.531	5.665	5.623	5.530	3.228	5.593	1.999	6.512	4.036	5.668	8.172	4.727	0.709	7.714	5.347	5.442	]
[7.906	4.288	8.073	5.067	5.227	1.444	6.020	3.702	2.851	2.879	5.541	6.401	6.487	7.094	0.878	3.352	1.857	5.371	6.442	5.329	4.686	3.296	3.853	6.515	3.517	5.123	5.243	4.460	2.768	5.416	4.641	6.006	6.769	2.375	2.876	8.367	5.298	5.226	4.418	0.000	2.524	6.423	5.347	4.453	1.540	2.899	7.469	6.075	6.914	2.246	4.285	2.910	2.527	5.488	5.780	5.587	4.121	3.688	6.962	5.513	5.790	4.308	3.485	6.123	1.940	1.925	6.470	1.145	4.707	2.925	6.350	2.307	6.616	6.547	8.422	1.611	4.479	3.440	1.123	1.116	]
[6.972	2.508	9.562	7.473	7.677	1.087	7.314	5.869	3.817	1.182	7.349	7.041	5.136	6.382	2.851	5.374	4.105	5.516	7.103	6.588	5.534	4.308	2.153	6.275	5.915	7.481	7.469	2.328	5.142	3.475	2.738	4.312	8.161	4.395	3.173	10.134	7.022	5.392	3.501	2.524	0.000	7.627	7.206	6.974	1.573	4.490	9.065	5.987	8.874	2.065	1.820	5.288	0.192	3.951	7.750	4.194	6.071	2.219	5.977	7.682	7.878	5.231	4.401	6.869	2.366	4.443	7.741	3.140	2.282	2.109	4.976	3.627	7.032	7.808	10.047	3.935	3.155	5.764	2.756	2.958	]
[6.147	6.911	2.088	4.966	8.140	6.949	0.456	8.475	3.833	8.650	2.090	1.677	6.589	5.261	5.551	8.574	4.895	3.140	1.616	1.094	2.159	3.334	9.711	3.964	4.788	4.626	3.862	7.610	4.812	7.553	10.362	7.213	0.768	4.239	4.490	3.159	1.876	3.143	5.439	6.423	7.627	0.000	2.299	6.270	7.739	8.829	1.893	3.569	3.012	5.573	8.372	7.401	7.778	6.696	2.719	6.417	2.994	6.399	5.880	3.604	3.253	2.408	3.227	1.431	5.281	5.867	0.227	7.325	8.472	9.139	6.596	8.554	2.291	0.239	2.754	5.172	6.140	7.851	7.495	7.405	]
[7.837	7.278	2.948	2.669	5.918	6.295	1.898	6.546	3.593	8.020	0.252	3.672	7.760	6.883	4.575	6.752	3.530	4.457	3.639	1.875	2.950	3.220	9.070	5.632	2.742	2.327	1.566	7.887	3.021	8.169	9.811	8.098	2.043	2.973	4.500	3.020	0.484	4.387	6.097	5.347	7.206	2.299	0.000	4.043	6.847	7.228	2.254	5.138	1.684	5.355	8.397	5.521	7.315	7.517	0.656	7.326	1.231	6.646	7.343	1.344	1.098	2.881	3.264	3.320	4.909	4.206	2.155	5.985	8.620	8.260	7.722	7.141	4.274	2.220	3.134	3.807	6.715	5.898	6.263	6.116	]
[10.696	8.340	6.805	1.617	1.876	5.888	5.828	3.078	5.130	7.217	4.288	7.315	9.913	9.744	4.290	3.538	3.201	7.371	7.307	5.510	5.940	5.160	8.058	8.696	1.687	1.949	2.677	8.691	2.231	9.452	8.861	9.795	6.085	3.408	5.892	6.327	4.404	7.249	7.843	4.453	6.974	6.270	4.043	0.000	5.806	4.491	6.086	8.170	4.666	6.046	8.695	2.425	6.979	9.209	3.916	9.176	3.376	7.667	9.943	3.050	3.511	5.643	5.353	6.946	5.538	2.532	6.159	4.226	9.087	6.922	9.816	4.876	7.831	6.230	6.741	3.231	8.203	2.475	4.662	4.433	]
[8.205	3.969	9.496	6.568	6.271	1.019	7.363	4.339	3.966	1.411	7.031	7.489	6.506	7.511	2.278	3.821	3.394	6.205	7.540	6.650	5.827	4.458	2.321	7.180	5.032	6.642	6.782	3.884	4.297	5.005	3.118	5.786	8.152	3.878	3.656	9.861	6.766	6.066	4.643	1.540	1.573	7.739	6.847	5.806	0.000	2.917	8.919	6.809	8.439	2.660	3.360	3.861	1.467	5.366	7.303	5.562	5.631	3.540	7.217	7.053	7.326	5.471	4.613	7.252	2.653	3.349	7.810	1.680	3.834	1.420	6.352	2.060	7.606	7.884	9.884	3.151	4.463	4.295	1.253	1.477	]
[10.779	6.830	10.158	5.835	4.101	3.747	8.388	1.809	5.645	3.993	7.465	9.103	9.255	9.986	3.657	1.184	3.937	8.233	9.134	7.769	7.385	6.035	4.404	9.407	4.644	6.055	6.517	6.797	4.207	7.900	5.127	8.634	9.012	4.595	5.772	10.127	7.344	8.088	7.248	2.899	4.490	8.829	7.228	4.491	2.917	0.000	9.480	8.957	8.503	5.086	6.248	2.066	4.374	8.173	7.460	8.325	6.050	6.330	9.821	6.875	7.274	7.001	6.242	8.792	4.833	3.026	8.826	1.754	6.729	3.205	9.109	0.877	9.387	8.905	10.348	3.666	7.208	2.140	1.904	1.810	]
[7.992	8.653	0.720	4.535	7.927	8.257	1.945	8.769	5.264	9.991	2.015	3.524	8.479	7.129	6.646	8.997	5.714	5.025	3.454	2.594	3.886	4.794	11.054	5.837	4.967	4.178	3.413	9.331	5.275	9.367	11.757	9.076	1.127	5.110	6.057	1.267	2.180	5.020	7.242	7.469	9.065	1.893	2.254	6.086	8.919	9.480	0.000	5.457	1.683	7.072	10.012	7.761	9.197	8.546	2.175	8.279	3.445	8.096	7.766	3.049	2.591	4.041	4.747	3.315	6.702	6.455	1.676	8.192	10.157	10.339	8.483	9.369	4.111	1.655	0.982	5.996	7.931	8.118	8.445	8.312	]
[2.699	4.260	5.532	7.389	9.849	5.806	3.638	9.323	3.388	7.164	5.052	1.978	3.101	1.750	5.308	9.175	5.476	0.802	2.055	3.295	2.288	3.134	8.113	0.527	6.483	7.128	6.525	4.975	6.065	4.508	8.566	3.916	4.336	4.961	3.215	6.719	4.663	0.935	2.692	6.075	5.987	3.569	5.138	8.170	6.809	8.957	5.457	0.000	6.418	4.151	5.976	8.275	6.175	3.508	5.760	3.163	4.980	4.016	2.312	6.422	6.236	2.536	2.918	2.142	4.214	6.618	3.792	7.211	5.901	7.978	3.138	8.370	1.519	3.805	6.256	5.653	3.346	8.825	7.168	7.190	]
[9.082	8.936	2.334	3.056	6.440	7.941	2.806	7.553	5.272	9.656	1.594	4.666	9.242	8.160	6.186	7.863	5.063	5.830	4.611	3.161	4.420	4.884	10.696	6.869	3.861	2.717	2.041	9.557	4.362	9.796	11.449	9.667	2.358	4.568	6.172	1.670	1.989	5.786	7.699	6.914	8.874	3.012	1.684	4.666	8.439	8.503	1.683	6.418	0.000	7.039	10.080	6.621	8.978	9.097	1.137	8.883	2.822	8.313	8.704	1.662	1.232	4.430	4.913	4.371	6.591	5.552	2.793	7.439	10.300	9.839	9.219	8.531	5.287	2.818	2.098	5.327	8.339	6.902	7.756	7.589	]
[5.695	2.295	7.538	6.133	7.202	1.655	5.273	5.922	1.811	3.160	5.467	5.001	4.246	4.927	1.841	5.597	2.857	3.574	5.061	4.550	3.469	2.281	4.195	4.521	4.646	6.060	5.883	2.712	3.903	3.408	4.803	3.847	6.129	2.867	1.111	8.187	5.110	3.440	2.173	2.246	2.065	5.573	5.355	6.046	2.660	5.086	7.072	4.151	7.039	0.000	3.049	5.045	2.227	3.296	5.946	3.362	4.322	1.621	4.735	6.032	6.153	3.170	2.353	4.815	0.519	3.667	5.693	3.358	3.311	3.860	4.113	4.378	5.037	5.758	8.053	2.818	2.272	5.598	3.194	3.277	]
[6.218	1.740	10.417	9.046	9.483	2.848	8.134	7.684	4.817	2.400	8.501	7.447	4.196	5.852	4.446	7.179	5.671	5.730	7.519	7.433	6.213	5.246	2.782	6.122	7.506	9.012	8.899	1.095	6.734	2.172	2.883	3.148	9.004	5.833	3.960	11.171	8.133	5.637	3.284	4.285	1.820	8.372	8.397	8.695	3.360	6.248	10.012	5.976	10.080	3.049	0.000	7.103	1.896	3.012	8.994	3.354	7.368	2.017	5.265	9.066	9.199	5.991	5.270	7.360	3.528	6.169	8.523	4.960	0.484	3.431	4.034	5.374	7.285	8.580	10.985	5.546	2.656	7.583	4.572	4.777	]
[10.472	7.192	8.465	3.809	2.410	4.275	6.946	1.086	4.898	5.227	5.770	7.992	9.265	9.585	3.235	1.244	2.810	7.490	8.008	6.419	6.347	5.155	5.925	8.775	2.799	4.056	4.592	7.365	2.589	8.323	6.713	8.878	7.451	3.395	5.348	8.277	5.724	7.349	7.154	2.910	5.288	7.401	5.521	2.425	3.861	2.066	7.761	8.275	6.621	5.045	7.103	0.000	5.239	8.339	5.647	8.402	4.447	6.577	9.587	4.964	5.390	5.977	5.373	7.647	4.627	1.666	7.357	2.181	7.550	4.734	9.139	2.508	8.383	7.435	8.567	2.623	7.316	0.562	2.612	2.384	]
[7.161	2.682	9.701	7.519	7.636	1.114	7.459	5.790	3.960	0.991	7.462	7.213	5.317	6.573	2.910	5.284	4.162	5.699	7.275	6.733	5.694	4.453	1.976	6.466	5.959	7.535	7.542	2.473	5.189	3.630	2.584	4.480	8.303	4.476	3.337	10.255	7.140	5.574	3.693	2.527	0.192	7.778	7.315	6.979	1.467	4.374	9.197	6.175	8.978	2.227	1.896	5.239	0.000	4.129	7.851	4.376	6.168	2.408	6.166	7.763	7.967	5.387	4.551	7.038	2.506	4.452	7.888	3.077	2.368	1.921	5.156	3.506	7.211	7.956	10.179	3.982	3.342	5.705	2.680	2.889	]
[3.206	1.452	8.774	9.021	10.479	4.432	6.604	9.189	4.219	5.017	7.533	5.354	1.208	2.909	5.131	8.824	6.019	3.601	5.433	6.021	4.710	4.410	5.686	3.473	7.672	8.872	8.505	1.921	6.993	1.037	5.886	0.597	7.434	5.842	3.347	9.799	7.125	3.571	1.440	5.488	3.951	6.696	7.517	9.209	5.366	8.173	8.546	3.508	9.097	3.296	3.012	8.339	4.129	0.000	8.171	0.375	6.825	1.843	2.262	8.547	8.528	4.667	4.305	5.398	3.747	6.939	6.894	6.531	2.749	6.031	1.044	7.372	5.003	6.931	9.449	6.036	1.026	8.889	6.279	6.411	]
[8.458	7.912	2.894	2.402	5.769	6.807	2.371	6.628	4.210	8.520	0.710	4.213	8.414	7.508	5.049	6.890	3.932	5.094	4.174	2.473	3.598	3.854	9.559	6.246	2.851	2.044	1.261	8.512	3.276	8.815	10.314	8.753	2.297	3.431	5.126	2.671	1.101	5.028	6.749	5.780	7.750	2.719	0.656	3.916	7.303	7.460	2.175	5.760	1.137	5.946	8.994	5.647	7.851	8.171	0.000	7.982	1.687	7.274	7.983	0.929	0.534	3.537	3.908	3.874	5.486	4.472	2.541	6.330	9.230	8.704	8.377	7.445	4.827	2.593	2.921	4.198	7.362	5.975	6.637	6.476	]
[2.872	1.730	8.488	8.923	10.497	4.603	6.343	9.280	4.123	5.288	7.331	5.037	0.946	2.539	5.176	8.935	6.002	3.299	5.116	5.779	4.475	4.275	5.993	3.109	7.609	8.760	8.365	2.259	6.950	1.412	6.218	0.797	7.162	5.786	3.287	9.538	6.922	3.279	1.337	5.587	4.194	6.417	7.326	9.176	5.562	8.325	8.279	3.163	8.883	3.362	3.354	8.402	4.376	0.375	7.982	0.000	6.683	2.022	1.911	8.392	8.354	4.458	4.155	5.095	3.783	6.960	6.619	6.656	3.109	6.290	0.790	7.541	4.668	6.653	9.171	6.037	1.118	8.957	6.424	6.546	]
[7.629	6.395	4.111	2.409	5.213	5.121	2.539	5.507	2.674	6.834	1.444	3.941	7.238	6.663	3.368	5.653	2.299	4.213	3.932	2.139	2.693	2.415	7.876	5.503	1.801	2.163	1.682	6.955	1.874	7.365	8.628	7.419	3.006	1.754	3.602	4.250	1.296	4.110	5.385	4.121	6.071	2.994	1.231	3.376	5.631	6.050	3.445	4.980	2.822	4.322	7.368	4.447	6.168	6.825	1.687	6.683	0.000	5.736	7.003	1.742	1.832	2.471	2.529	3.572	3.843	3.024	2.927	4.759	7.628	7.040	7.177	5.926	4.471	3.004	4.355	2.576	5.938	4.874	5.032	4.887	]
[4.754	0.680	8.464	7.702	8.796	2.591	6.187	7.386	3.072	3.367	6.720	5.429	2.967	4.182	3.439	7.001	4.475	3.719	5.502	5.503	4.245	3.429	4.197	4.219	6.244	7.606	7.364	1.246	5.512	1.787	4.575	2.324	7.056	4.437	2.149	9.288	6.332	3.623	1.355	3.688	2.219	6.399	6.646	7.667	3.540	6.330	8.096	4.016	8.313	1.621	2.017	6.577	2.408	1.843	7.274	2.022	5.736	0.000	3.758	7.475	7.544	4.056	3.411	5.346	2.131	5.274	6.559	4.700	2.073	4.328	2.812	5.531	5.276	6.613	9.059	4.439	0.939	7.119	4.438	4.575	]
[0.995	3.608	7.815	9.388	11.467	6.214	5.943	10.554	4.837	7.115	7.282	4.262	1.204	0.802	6.381	10.287	6.936	2.890	4.336	5.553	4.401	4.788	7.873	1.956	8.283	9.164	8.632	4.170	7.735	3.244	8.125	2.331	6.647	6.561	4.241	9.026	6.882	2.956	2.585	6.962	5.977	5.880	7.343	9.943	7.217	9.821	7.766	2.312	8.704	4.735	5.265	9.587	6.166	2.262	7.983	1.911	7.003	3.758	0.000	8.574	8.434	4.545	4.605	4.451	5.033	8.014	6.103	8.090	5.011	8.087	1.336	9.095	3.730	6.115	8.548	7.041	2.824	10.149	7.924	8.011	]
[9.117	8.137	3.766	1.487	4.878	6.678	3.226	5.891	4.416	8.345	1.520	5.016	8.903	8.157	4.875	6.205	3.665	5.709	4.983	3.206	4.176	4.144	9.356	6.927	2.235	1.130	0.381	8.689	2.820	9.106	10.132	9.139	3.222	3.287	5.345	3.330	1.824	5.626	7.109	5.513	7.682	3.604	1.344	3.050	7.053	6.875	3.049	6.422	1.662	6.032	9.066	4.964	7.763	8.547	0.929	8.392	1.742	7.475	8.574	0.000	0.461	4.041	4.242	4.663	5.539	3.981	3.439	5.910	9.343	8.420	8.852	6.951	5.616	3.496	3.697	3.902	7.675	5.240	6.257	6.075	]
[8.936	8.194	3.307	1.943	5.338	6.899	2.902	6.333	4.472	8.588	1.216	4.734	8.823	7.981	5.110	6.633	3.933	5.551	4.696	2.967	4.035	4.157	9.613	6.730	2.630	1.587	0.838	8.771	3.159	9.132	10.381	9.115	2.818	3.499	5.399	2.889	1.577	5.478	7.096	5.790	7.878	3.253	1.098	3.511	7.326	7.274	2.591	6.236	1.232	6.153	9.199	5.390	7.967	8.528	0.534	8.354	1.832	7.544	8.434	0.461	0.000	3.941	4.233	4.390	5.674	4.341	3.075	6.249	9.457	8.709	8.779	7.319	5.344	3.127	3.239	4.184	7.687	5.681	6.581	6.406	]
[5.159	4.618	4.426	4.876	7.358	4.613	2.143	7.056	1.504	6.281	2.875	2.106	4.883	4.193	3.437	7.002	3.185	1.751	2.141	1.447	0.384	1.019	7.336	3.063	3.958	4.633	4.087	5.291	3.596	5.393	7.969	5.238	3.012	2.584	2.082	5.244	2.465	1.642	3.278	4.308	5.231	2.408	2.881	5.643	5.471	7.001	4.041	2.536	4.430	3.170	5.991	5.977	5.387	4.667	3.537	4.458	2.471	4.056	4.545	4.041	3.941	0.000	0.859	1.815	2.910	4.315	2.541	5.342	6.120	6.838	4.842	6.572	2.415	2.603	5.004	3.414	3.938	6.504	5.425	5.380	]
[5.345	4.024	5.189	4.828	6.960	3.755	2.920	6.433	0.649	5.433	3.319	2.917	4.726	4.396	2.626	6.327	2.565	2.123	2.960	2.198	1.217	0.218	6.490	3.431	3.681	4.636	4.210	4.656	3.179	4.907	7.135	4.897	3.778	2.046	1.311	5.902	2.926	1.985	2.868	3.485	4.401	3.227	3.264	5.353	4.613	6.242	4.747	2.918	4.913	2.353	5.270	5.373	4.551	4.305	3.908	4.155	2.529	3.411	4.605	4.242	4.233	0.859	0.000	2.651	2.060	3.709	3.341	4.550	5.439	5.979	4.658	5.771	3.148	3.408	5.724	2.757	3.457	5.917	4.607	4.575	]
[4.728	5.785	3.415	5.859	8.766	6.356	1.565	8.733	3.300	7.973	3.174	0.369	5.196	3.832	5.252	8.729	4.914	1.797	0.366	1.479	1.438	2.830	9.010	2.535	5.322	5.550	4.847	6.503	5.137	6.310	9.596	5.885	2.197	4.277	3.704	4.577	2.838	1.832	4.242	6.123	6.869	1.431	3.320	6.946	7.252	8.792	3.315	2.142	4.371	4.815	7.360	7.647	7.038	5.398	3.874	5.095	3.572	5.346	4.451	4.663	4.390	1.815	2.651	0.000	4.637	6.010	1.656	7.151	7.400	8.594	5.213	8.384	0.954	1.665	4.127	5.162	4.951	8.151	7.240	7.193	]
[5.969	2.808	7.196	5.615	6.733	1.719	4.954	5.543	1.454	3.373	5.033	4.855	4.638	5.155	1.394	5.254	2.344	3.567	4.909	4.229	3.240	1.949	4.431	4.625	4.127	5.545	5.381	3.230	3.385	3.913	5.086	4.312	5.797	2.351	1.010	7.787	4.688	3.427	2.531	1.940	2.366	5.281	4.909	5.538	2.653	4.833	6.702	4.214	6.591	0.519	3.528	4.627	2.506	3.747	5.486	3.783	3.843	2.131	5.033	5.539	5.674	2.910	2.060	4.637	0.000	3.192	5.386	3.082	3.810	3.959	4.512	4.180	4.954	5.455	7.684	2.316	2.722	5.185	2.979	3.028	]
[8.872	5.930	7.132	3.250	3.541	3.357	5.418	2.740	3.253	4.748	4.441	6.349	7.780	7.968	1.836	2.727	1.144	5.829	6.369	4.842	4.687	3.491	5.654	7.121	1.779	3.366	3.653	6.221	1.196	7.058	6.456	7.504	6.002	1.738	3.782	7.142	4.319	5.689	5.665	1.925	4.443	5.867	4.206	2.532	3.349	3.026	6.455	6.618	5.552	3.667	6.169	1.666	4.452	6.939	4.472	6.960	3.024	5.274	8.014	3.981	4.341	4.315	3.709	6.010	3.192	0.000	5.846	1.952	6.571	4.590	7.664	2.979	6.725	5.925	7.334	0.979	5.914	2.208	2.337	2.133	]
[6.374	7.082	1.909	4.823	8.033	7.039	0.450	8.426	3.933	8.748	1.935	1.904	6.803	5.487	5.602	8.541	4.901	3.351	1.842	1.164	2.315	3.437	9.811	4.190	4.709	4.479	3.708	7.777	4.769	7.742	10.471	7.415	0.549	4.248	4.620	2.942	1.755	3.349	5.623	6.470	7.741	0.227	2.155	6.159	7.810	8.826	1.676	3.792	2.793	5.693	8.523	7.357	7.888	6.894	2.541	6.619	2.927	6.559	6.103	3.439	3.075	2.541	3.341	1.656	5.386	5.846	0.000	7.348	8.632	9.215	6.809	8.573	2.517	0.079	2.555	5.180	6.322	7.798	7.531	7.434	]
[9.040	5.254	8.835	5.183	4.591	2.197	6.901	2.745	3.934	3.061	6.203	7.446	7.572	8.237	1.931	2.306	2.482	6.496	7.483	6.240	5.724	4.349	3.836	7.656	3.730	5.314	5.593	5.324	3.092	6.361	4.638	7.024	7.595	3.114	4.019	8.983	6.015	6.351	5.530	1.145	3.140	7.325	5.985	4.226	1.680	1.754	8.192	7.211	7.439	3.358	4.960	2.181	3.077	6.531	6.330	6.656	4.759	4.700	8.090	5.910	6.249	5.342	4.550	7.151	3.082	1.952	7.348	0.000	5.419	2.699	7.431	1.236	7.696	7.426	9.113	2.199	5.540	2.629	0.443	0.209	]
[5.941	1.645	10.536	9.383	9.921	3.282	8.256	8.150	5.028	2.880	8.712	7.463	3.898	5.639	4.816	7.651	6.022	5.718	7.537	7.567	6.317	5.433	3.207	6.006	7.855	9.336	9.191	0.926	7.087	1.824	3.232	2.809	9.126	6.145	4.140	11.337	8.336	5.635	3.228	4.707	2.282	8.472	8.620	9.087	3.834	6.729	10.157	5.901	10.300	3.311	0.484	7.550	2.368	2.749	9.230	3.109	7.628	2.073	5.011	9.343	9.457	6.120	5.439	7.400	3.810	6.571	8.632	5.419	0.000	3.906	3.739	5.855	7.262	8.686	11.124	5.911	2.555	8.037	5.038	5.239	]
[9.082	4.580	10.914	7.839	7.094	2.241	8.770	4.930	5.338	1.042	8.447	8.814	7.228	8.481	3.696	4.331	4.779	7.433	8.868	8.053	7.185	5.835	1.210	8.305	6.335	7.942	8.135	4.274	5.628	5.449	1.980	6.349	9.566	5.288	4.931	11.277	8.185	7.300	5.593	2.925	2.109	9.139	8.260	6.922	1.420	3.205	10.339	7.978	9.839	3.860	3.431	4.734	1.921	6.031	8.704	6.290	7.040	4.328	8.087	8.420	8.709	6.838	5.979	8.594	3.959	4.590	9.215	2.699	3.906	0.000	7.066	2.376	8.889	9.289	11.304	4.525	5.264	5.061	2.271	2.495	]
[2.207	2.491	8.628	9.476	11.192	5.392	6.575	10.035	4.710	6.056	7.704	5.100	0.164	2.087	5.906	9.702	6.672	3.459	5.178	6.071	4.801	4.801	6.729	2.954	8.217	9.293	8.853	2.952	7.586	1.934	6.915	0.996	7.357	6.411	3.931	9.750	7.295	3.472	1.999	6.350	4.976	6.596	7.722	9.816	6.352	9.109	8.483	3.138	9.219	4.113	4.034	9.139	5.156	1.044	8.377	0.790	7.177	2.812	1.336	8.852	8.779	4.842	4.658	5.213	4.512	7.664	6.809	7.431	3.739	7.066	0.000	8.328	4.654	6.834	9.336	6.725	1.902	9.696	7.206	7.324	]
[10.066	6.005	10.024	6.064	4.770	2.940	8.127	2.557	5.146	3.121	7.366	8.675	8.478	9.303	3.146	1.955	3.685	7.676	8.713	7.472	6.954	5.574	3.585	8.799	4.725	6.243	6.613	5.944	4.171	7.060	4.333	7.817	8.807	4.329	5.158	10.112	7.200	7.531	6.512	2.307	3.627	8.554	7.141	4.876	2.060	0.877	9.369	8.370	8.531	4.378	5.374	2.508	3.506	7.372	7.445	7.541	5.926	5.531	9.095	6.951	7.319	6.572	5.771	8.384	4.180	2.979	8.573	1.236	5.855	2.376	8.328	0.000	8.913	8.651	10.275	3.403	6.427	2.743	1.203	1.197	]
[3.881	5.619	4.096	6.794	9.627	6.655	2.496	9.464	3.767	8.180	4.129	0.622	4.612	3.039	5.768	9.416	5.599	1.557	0.677	2.422	2.038	3.353	9.185	1.774	6.183	6.490	5.795	6.342	5.936	5.981	9.713	5.430	3.029	4.989	3.960	5.351	3.792	1.661	4.036	6.616	7.032	2.291	4.274	7.831	7.606	9.387	4.111	1.519	5.287	5.037	7.285	8.383	7.211	5.003	4.827	4.668	4.471	5.276	3.730	5.616	5.344	2.415	3.148	0.954	4.954	6.725	2.517	7.696	7.262	8.889	4.654	8.913	0.000	2.509	4.835	5.828	4.729	8.903	7.738	7.716	]
[6.374	7.132	1.861	4.887	8.104	7.111	0.527	8.504	4.003	8.818	1.997	1.900	6.827	5.492	5.678	8.620	4.980	3.378	1.837	1.236	2.370	3.505	9.880	4.196	4.785	4.542	3.769	7.829	4.847	7.784	10.539	7.449	0.532	4.327	4.683	2.921	1.825	3.380	5.668	6.547	7.808	0.239	2.220	6.230	7.884	8.905	1.655	3.805	2.818	5.758	8.580	7.435	7.956	6.931	2.593	6.653	3.004	6.613	6.115	3.496	3.127	2.603	3.408	1.665	5.455	5.925	0.079	7.426	8.686	9.289	6.834	8.651	2.509	0.000	2.518	5.259	6.368	7.875	7.609	7.513	]
[8.698	9.606	0.749	5.142	8.535	9.235	2.881	9.546	6.246	10.968	2.911	4.286	9.322	7.874	7.609	9.809	6.644	5.888	4.211	3.557	4.831	5.775	12.031	6.598	5.769	4.796	4.076	10.290	6.142	10.294	12.737	9.967	2.022	6.055	7.034	0.699	3.124	5.895	8.172	8.422	10.047	2.754	3.134	6.741	9.884	10.348	0.982	6.256	2.098	8.053	10.985	8.567	10.179	9.449	2.921	9.171	4.355	9.059	8.548	3.697	3.239	5.004	5.724	4.127	7.684	7.334	2.555	9.113	11.124	11.304	9.336	10.275	4.835	2.518	0.000	6.924	8.868	8.893	9.379	9.240	]
[7.895	5.110	6.636	3.539	4.468	2.868	4.738	3.676	2.278	4.464	4.017	5.488	6.836	6.989	1.100	3.589	0.283	4.869	5.513	4.105	3.793	2.539	5.459	6.152	1.980	3.557	3.635	5.467	1.207	6.226	6.242	6.612	5.405	0.933	2.818	6.821	3.817	4.727	4.727	1.611	3.935	5.172	3.807	3.231	3.151	3.666	5.996	5.653	5.327	2.818	5.546	2.623	3.982	6.036	4.198	6.037	2.576	4.439	7.041	3.902	4.184	3.414	2.757	5.162	2.316	0.979	5.180	2.199	5.911	4.525	6.725	3.403	5.828	5.259	6.924	0.000	5.017	3.175	2.457	2.316	]
[3.819	0.919	8.228	8.070	9.455	3.492	5.990	8.177	3.286	4.291	6.753	4.975	2.051	3.284	4.106	7.823	5.007	3.207	5.051	5.354	4.047	3.533	5.081	3.467	6.688	7.936	7.608	1.629	5.995	1.457	5.401	1.595	6.846	4.857	2.382	9.163	6.351	3.139	0.709	4.479	3.155	6.140	6.715	8.203	4.463	7.208	7.931	3.346	8.339	2.272	2.656	7.316	3.342	1.026	7.362	1.118	5.938	0.939	2.824	7.675	7.687	3.938	3.457	4.951	2.722	5.914	6.322	5.540	2.555	5.264	1.902	6.427	4.729	6.368	8.868	5.017	0.000	7.868	5.307	5.429	]
[11.034	7.727	8.829	3.985	2.034	4.774	7.395	0.653	5.452	5.629	6.150	8.499	9.823	10.145	3.794	1.069	3.352	8.037	8.513	6.892	6.870	5.700	6.265	9.326	3.157	4.264	4.862	7.881	3.047	8.856	7.040	9.425	7.866	3.921	5.910	8.569	6.132	7.897	7.714	3.440	5.764	7.851	5.898	2.475	4.295	2.140	8.118	8.825	6.902	5.598	7.583	0.562	5.705	8.889	5.975	8.957	4.874	7.119	10.149	5.240	5.681	6.504	5.917	8.151	5.185	2.208	7.798	2.629	8.037	5.061	9.696	2.743	8.903	7.875	8.893	3.175	7.868	0.000	3.042	2.822	]
[8.888	4.962	9.073	5.583	5.022	1.877	7.082	3.113	3.973	2.621	6.474	7.522	7.351	8.112	1.989	2.630	2.736	6.478	7.562	6.404	5.805	4.416	3.397	7.596	4.106	5.702	5.950	4.988	3.438	6.054	4.199	6.752	7.803	3.339	3.955	9.275	6.265	6.334	5.347	1.123	2.756	7.495	6.263	4.662	1.253	1.904	8.445	7.168	7.756	3.194	4.572	2.612	2.680	6.279	6.637	6.424	5.032	4.438	7.924	6.257	6.581	5.425	4.607	7.240	2.979	2.337	7.531	0.443	5.038	2.271	7.206	1.203	7.738	7.609	9.379	2.457	5.307	3.042	0.000	0.233	]
